3.5 3.62 3.62 
5.4 5.26 3.48 
7.4 6.22 6.22 
9.5 6.86 6.19 
11.6 7.31 7.31 
13.7 7.64 7.29 
15.9 7.90 7.90 
18.1 8.10 8.10 
20.3 8.26 8.44 
22.5 8.39 8.39 
24.8 8.50 8.62 
27.0 8.59 8.48 
29.3 8.66 8.66 
31.7 8.72 8.64 
34.0 8.76 8.76 
36.3 8.80 8.80 
38.7 8.84 8.89 
41.1 8.86 8.81 
43.4 8.88 8.88 
45.8 8.90 8.86 
48.2 8.91 8.95 
50.7 8.92 8.92 
53.1 8.92 8.92 
55.5 8.93 8.90 
58.0 8.93 8.93 
60.4 8.92 8.92 
62.9 8.92 8.94 
65.4 8.91 8.89 
67.9 8.91 8.91 
70.4 8.90 8.90 
72.9 8.89 8.90 
75.4 8.87 8.86 
77.9 8.86 8.86 
80.4 8.85 8.85 
82.9 8.83 8.85 
85.5 8.82 8.80 
88.0 8.80 8.82 
90.6 8.79 8.79 
93.1 8.77 8.77 
95.7 8.75 8.74 
98.3 8.73 8.75 
100.8 8.72 8.72 
103.4 8.70 8.70 
106.0 8.68 8.68 
108.6 8.66 8.67 
111.2 8.64 8.63 
113.8 8.62 8.62 
116.4 8.60 8.60 
119.0 8.58 8.58 
121.7 8.56 8.55 
124.3 8.53 8.54 
126.9 8.51 8.51 
129.6 8.49 8.49 
132.2 8.47 8.47 
134.8 8.45 8.45 
137.5 8.43 8.42 
140.2 8.40 8.41 
142.8 8.38 8.38 
145.5 8.36 8.36 
148.1 8.34 8.34 
150.8 8.32 8.32 
153.5 8.29 8.29 
156.2 8.27 8.28 
158.9 8.25 8.25 
161.6 8.23 8.23 
164.3 8.20 8.20 
166.9 8.18 8.18 
169.7 8.16 8.15 
172.4 8.13 8.14 
175.1 8.11 8.11 
177.8 8.09 8.09 
180.5 8.07 8.07 
183.2 8.04 8.04 
185.9 8.02 8.02 
188.7 8.00 8.00 
191.4 7.98 7.97 
194.1 7.95 7.96 
196.9 7.93 7.93 
199.6 7.91 7.91 
202.4 7.88 7.88 
205.1 7.86 7.86 
207.9 7.84 7.84 
210.6 7.82 7.82 
213.4 7.79 7.79 
216.2 7.77 7.77 
218.9 7.75 7.75 
221.7 7.73 7.73 
224.5 7.70 7.70 
227.2 7.68 7.68 
230.0 7.66 7.66 
232.8 7.64 7.64 
235.6 7.61 7.61 
238.4 7.59 7.59 
241.2 7.57 7.57 
244.0 7.55 7.55 
246.8 7.52 7.52 
249.6 7.50 7.50 
252.4 7.48 7.48 
255.2 7.46 7.46 
258.0 7.44 7.43 
