1 1.27 
2 4.21 
3 5.56 
4 6.38 
5 6.94 
6 7.34 
7 7.65 
8 7.90 
9 8.10 
10 8.27 
11 8.40 
12 8.52 
13 8.62 
14 8.71 
15 8.78 
16 8.84 
17 8.90 
18 8.95 
19 8.99 
20 9.03 
21 9.06 
22 9.09 
23 9.12 
24 9.14 
25 9.16 
26 9.17 
27 9.19 
28 9.20 
29 9.21 
30 9.22 
31 9.23 
32 9.23 
33 9.23 
34 9.24 
35 9.24 
36 9.24 
37 9.24 
38 9.24 
39 9.24 
40 9.23 
41 9.23 
42 9.23 
43 9.22 
44 9.21 
45 9.21 
46 9.20 
47 9.20 
48 9.19 
49 9.18 
50 9.17 
51 9.16 
52 9.16 
53 9.15 
54 9.14 
55 9.13 
56 9.12 
57 9.11 
58 9.10 
59 9.09 
60 9.07 
61 9.06 
62 9.05 
63 9.04 
64 9.03 
65 9.02 
66 9.00 
67 8.99 
68 8.98 
69 8.97 
70 8.96 
71 8.94 
72 8.93 
73 8.92 
74 8.90 
75 8.89 
76 8.88 
77 8.87 
78 8.85 
79 8.84 
80 8.83 
81 8.81 
82 8.80 
83 8.78 
84 8.77 
85 8.76 
86 8.74 
87 8.73 
88 8.72 
89 8.70 
90 8.69 
91 8.67 
92 8.66 
93 8.65 
94 8.63 
95 8.62 
96 8.60 
97 8.59 
98 8.58 
99 8.56 
100 8.55 
