3.5 4.21 3.62 
5.4 5.56 3.48 
7.4 6.38 6.22 
9.5 6.94 6.19 
11.6 7.34 7.31 
13.7 7.65 7.29 
15.9 7.90 7.90 
18.1 8.10 8.10 
20.3 8.27 8.44 
22.5 8.40 8.39 
24.8 8.52 8.62 
27.0 8.62 8.48 
29.3 8.71 8.66 
31.7 8.78 8.64 
34.0 8.84 8.76 
36.3 8.90 8.80 
38.7 8.95 8.89 
41.1 8.99 8.81 
43.4 9.03 8.88 
45.8 9.06 8.86 
48.2 9.09 8.95 
50.7 9.12 8.92 
53.1 9.14 8.92 
55.5 9.16 8.90 
58.0 9.17 8.93 
60.4 9.19 8.92 
62.9 9.20 8.94 
65.4 9.21 8.89 
67.9 9.22 8.91 
70.4 9.23 8.90 
72.9 9.23 8.90 
75.4 9.23 8.86 
77.9 9.24 8.86 
80.4 9.24 8.85 
82.9 9.24 8.85 
85.5 9.24 8.80 
88.0 9.24 8.82 
90.6 9.24 8.79 
93.1 9.23 8.77 
95.7 9.23 8.74 
98.3 9.23 8.75 
100.8 9.22 8.72 
103.4 9.21 8.70 
106.0 9.21 8.68 
108.6 9.20 8.67 
111.2 9.20 8.63 
113.8 9.19 8.62 
116.4 9.18 8.60 
119.0 9.17 8.58 
121.7 9.16 8.55 
124.3 9.16 8.54 
126.9 9.15 8.51 
129.6 9.14 8.49 
132.2 9.13 8.47 
134.8 9.12 8.45 
137.5 9.11 8.42 
140.2 9.10 8.41 
142.8 9.09 8.38 
145.5 9.07 8.36 
148.1 9.06 8.34 
150.8 9.05 8.32 
153.5 9.04 8.29 
156.2 9.03 8.28 
158.9 9.02 8.25 
161.6 9.00 8.23 
164.3 8.99 8.20 
166.9 8.98 8.18 
169.7 8.97 8.15 
172.4 8.96 8.14 
175.1 8.94 8.11 
177.8 8.93 8.09 
180.5 8.92 8.07 
183.2 8.90 8.04 
185.9 8.89 8.02 
188.7 8.88 8.00 
191.4 8.87 7.97 
194.1 8.85 7.96 
196.9 8.84 7.93 
199.6 8.83 7.91 
202.4 8.81 7.88 
205.1 8.80 7.86 
207.9 8.78 7.84 
210.6 8.77 7.82 
213.4 8.76 7.79 
216.2 8.74 7.77 
218.9 8.73 7.75 
221.7 8.72 7.73 
224.5 8.70 7.70 
227.2 8.69 7.68 
230.0 8.67 7.66 
232.8 8.66 7.64 
235.6 8.65 7.61 
238.4 8.63 7.59 
241.2 8.62 7.57 
244.0 8.60 7.55 
246.8 8.59 7.52 
249.6 8.58 7.50 
252.4 8.56 7.48 
255.2 8.55 7.46 
258.0 8.53 7.43 
