Channel	Net_Counts
0	0
1	0
1	0
2	0
3	0
4	0
5	0
6	0
7	0
8	0
9	0
10	0
11	0
12	0
13	0
14	0
15	0
16	0
17	0
18	0
19	0
20	0
21	0
22	0
23	0
24	0
25	0
26	0
27	1
28	1
29	0
30	1
31	0
32	1
33	5
34	0
35	0
36	2
37	0
38	0
39	0
40	2
41	1
42	0
43	0
44	5
45	0
46	2
47	2
48	1
49	4
50	9
51	3
52	4
53	0
54	5
55	2
56	0
57	0
58	4
59	0
60	0
61	3
62	4
63	1
64	0
65	0
66	0
67	0
68	6
69	0
70	0
71	5
72	0
73	0
74	0
75	0
76	16
77	0
78	0
79	0
80	0
81	0
82	0
83	0
84	2
85	5
86	0
87	0
88	11
89	1
90	27
91	0
92	0
93	0
94	0
95	4
96	12
97	2
98	0
99	15
100	30
101	0
102	0
103	30
104	31
105	0
106	0
107	27
108	39
109	10
110	20
111	0
112	8
113	0
114	0
115	0
116	14
117	0
118	20
119	0
120	16
121	0
122	4
123	0
124	4
125	0
126	0
127	15
128	16
129	6
130	3
131	6
132	0
133	12
134	2
135	0
136	0
137	0
138	0
139	0
140	512
141	1906
142	0
143	1289
144	1192
145	1880
146	1406
147	1452
148	434
149	1197
150	1236
151	400
152	1045
153	1442
154	0
155	808
156	116
157	869
158	903
159	1422
160	2400
161	693
162	1481
163	0
164	1600
165	1157
166	195
167	654
168	619
169	1619
170	1150
171	1203
172	1954
173	1634
174	536
175	2887
176	2033
177	1493
178	1420
179	918
180	1739
181	0
182	2080
183	1795
184	299
185	1519
186	535
187	710
188	902
189	1016
190	1233
191	1127
192	2432
193	1254
194	325
195	2263
196	1190
197	1327
198	346
199	1156
200	1223
201	1465
202	804
203	1193
204	571
205	107
206	150
207	1524
208	940
209	1034
210	902
211	1063
212	2613
213	765
214	683
215	614
216	1405
217	225
218	1627
219	400
220	1188
221	1122
222	381
223	2105
224	1025
225	760
226	1559
227	1092
228	755
229	1637
230	367
231	707
232	885
233	717
234	975
235	617
236	169
237	253
238	712
239	170
240	20
241	1107
242	982
243	359
244	0
245	0
246	1294
247	1310
248	463
249	42
250	614
251	993
252	1018
253	813
254	271
255	211
256	1045
257	1297
258	1204
259	767
260	1120
261	1318
262	1177
263	706
264	1066
265	256
266	288
267	465
268	1196
269	671
270	852
271	748
272	474
273	1003
274	1041
275	507
276	999
277	0
278	912
279	505
280	189
281	0
282	580
283	1658
284	228
285	387
286	776
287	942
288	1091
289	354
290	844
291	28
292	704
293	545
294	7
295	858
296	868
297	1203
298	0
299	1102
300	0
301	0
302	0
303	0
304	0
305	236
306	0
307	149
308	197
309	99
310	0
311	113
312	0
313	0
314	0
315	679
316	482
317	286
318	506
319	749
320	998
321	399
322	924
323	532
324	561
325	993
326	564
327	1338
328	954
329	1415
330	994
331	1563
332	394
333	2399
334	1261
335	2318
336	822
337	1408
338	2479
339	1430
340	1217
341	921
342	2313
343	1200
344	706
345	1006
346	1287
347	1011
348	1062
349	417
350	1514
351	976
352	504
353	1094
354	1176
355	63
356	1178
357	513
358	86
359	436
360	458
361	0
362	654
363	424
364	1128
365	83
366	1446
367	707
368	704
369	306
370	607
371	0
372	51
373	609
374	726
375	571
376	824
377	174
378	853
379	585
380	973
381	1068
382	0
383	99
384	1038
385	659
386	479
387	27
388	272
389	83
390	366
391	0
392	88
393	322
394	488
395	1125
396	0
397	134
398	0
399	821
400	1270
401	584
402	361
403	127
404	613
405	282
406	245
407	444
408	198
409	0
410	304
411	600
412	311
413	424
414	320
415	509
416	475
417	64
418	236
419	319
420	526
421	0
422	778
423	212
424	201
425	772
426	55
427	775
428	30
429	196
430	476
431	434
432	330
433	281
434	61
435	741
436	271
437	341
438	627
439	0
440	585
441	0
442	59
443	259
444	0
445	0
446	47
447	655
448	0
449	0
450	389
451	86
452	0
453	0
454	0
455	93
456	359
457	0
458	303
459	388
460	0
461	106
462	0
463	0
464	224
465	0
466	487
467	138
468	0
469	0
470	681
471	411
472	0
473	0
474	501
475	131
476	591
477	0
478	361
479	0
480	0
481	307
482	0
483	909
484	210
485	315
486	309
487	756
488	1399
489	755
490	510
491	434
492	728
493	862
494	1010
495	1080
496	996
497	429
498	742
499	1070
500	807
501	747
502	895
503	767
504	931
505	509
506	582
507	895
508	843
509	912
510	946
511	262
512	605
513	1014
514	365
515	373
516	724
517	191
518	504
519	708
520	363
521	834
522	921
523	0
524	712
525	206
526	374
527	809
528	153
529	22
530	450
531	213
532	0
533	101
534	505
535	0
536	520
537	551
538	348
539	20
540	169
541	271
542	574
543	683
544	0
545	322
546	0
547	299
548	313
549	228
550	460
551	330
552	748
553	1
554	0
555	87
556	144
557	0
558	0
559	36
560	529
561	36
562	109
563	270
564	169
565	403
566	134
567	157
568	0
569	0
570	0
571	316
572	126
573	473
574	85
575	37
576	0
577	0
578	157
579	336
580	478
581	211
582	309
583	159
584	0
585	0
586	479
587	272
588	0
589	228
590	422
591	69
592	0
593	336
594	0
595	173
596	0
597	129
598	0
599	125
600	112
601	0
602	518
603	0
604	93
605	359
606	432
607	0
608	0
609	0
610	260
611	675
612	44
613	0
614	89
615	424
616	338
617	312
618	0
619	228
620	0
621	37
622	213
623	118
624	0
625	158
626	0
627	0
628	0
629	567
630	415
631	0
632	151
633	154
634	0
635	431
636	32
637	573
638	17
639	237
640	334
641	131
642	0
643	345
644	0
645	95
646	255
647	212
648	0
649	197
650	225
651	0
652	223
653	351
654	282
655	382
656	217
657	150
658	553
659	339
660	0
661	247
662	0
663	360
664	604
665	0
666	0
667	39
668	0
669	206
670	611
671	330
672	248
673	276
674	0
675	0
676	131
677	67
678	0
679	36
680	96
681	182
682	0
683	130
684	0
685	0
686	0
687	201
688	0
689	0
690	207
691	268
692	173
693	0
694	0
695	139
696	532
697	91
698	0
699	63
700	0
701	220
702	110
703	105
704	161
705	442
706	279
707	210
708	0
709	0
710	138
711	314
712	359
713	10
714	316
715	439
716	112
717	0
718	210
719	437
720	501
721	87
722	0
723	307
724	214
725	257
726	529
727	148
728	0
729	427
730	147
731	209
732	134
733	350
734	338
735	429
736	329
737	365
738	136
739	0
740	226
741	449
742	317
743	245
744	461
745	199
746	354
747	0
748	155
749	165
750	43
751	0
752	315
753	450
754	70
755	279
756	62
757	35
758	20
759	48
760	120
761	314
762	0
763	24
764	0
765	0
766	0
767	240
768	0
769	28
770	0
771	19
772	0
773	0
774	0
775	37
776	0
777	0
778	0
779	0
780	0
781	0
782	0
783	0
784	0
785	0
786	0
787	0
788	0
789	0
790	93
791	0
792	0
793	0
794	0
795	176
796	0
797	0
798	51
799	0
800	0
801	0
802	0
803	0
804	0
805	0
806	0
807	0
808	0
809	0
810	177
811	464
812	0
813	59
814	276
815	0
816	0
817	119
818	0
819	0
820	0
821	58
822	0
823	247
824	48
825	938
826	236
827	0
828	0
829	330
830	0
831	0
832	442
833	331
834	314
835	140
836	694
837	161
838	567
839	341
840	568
841	431
842	333
843	180
844	310
845	529
846	541
847	309
848	267
849	668
850	614
851	173
852	344
853	480
854	781
855	472
856	127
857	408
858	742
859	727
860	262
861	416
862	657
863	511
864	573
865	581
866	1180
867	639
868	706
869	577
870	502
871	30
872	584
873	838
874	417
875	748
876	699
877	744
878	537
879	645
880	304
881	494
882	517
883	399
884	564
885	664
886	584
887	176
888	322
889	390
890	364
891	152
892	29
893	218
894	232
895	521
896	0
897	107
898	450
899	22
900	0
901	194
902	179
903	0
904	0
905	170
906	291
907	60
908	58
909	8
910	0
911	119
912	0
913	447
914	90
915	309
916	69
917	0
918	0
919	0
920	45
921	0
922	0
923	0
924	127
925	0
926	0
927	151
928	0
929	34
930	0
931	0
932	0
933	0
934	76
935	78
936	0
937	0
938	331
939	0
940	0
941	0
942	0
943	0
944	61
945	8
946	0
947	0
948	1
949	413
950	0
951	88
952	172
953	220
954	0
955	373
956	0
957	87
958	0
959	4
960	0
961	19
962	0
963	0
964	0
965	16
966	369
967	0
968	0
969	0
970	0
971	26
972	225
973	136
974	192
975	299
976	0
977	302
978	0
979	301
980	135
981	128
982	276
983	0
984	132
985	243
986	238
987	0
988	329
989	0
990	104
991	11
992	0
993	226
994	0
995	74
996	0
997	192
998	0
999	0
1000	0
1001	267
1002	131
1003	189
1004	166
1005	104
1006	217
1007	123
1008	263
1009	0
1010	23
1011	292
1012	0
1013	158
1014	82
1015	54
1016	196
1017	109
1018	171
1019	0
1020	232
1021	243
1022	159
1023	70
1024	294
1025	24
1026	0
1027	366
1028	173
1029	0
1030	0
1031	79
1032	0
1033	106
1034	0
1035	176
1036	389
1037	0
1038	362
1039	270
1040	276
1041	255
1042	59
1043	102
1044	90
1045	371
1046	134
1047	249
1048	76
1049	81
1050	147
1051	0
1052	72
1053	56
1054	0
1055	0
1056	153
1057	90
1058	0
1059	231
1060	171
1061	0
1062	46
1063	114
1064	10
1065	172
1066	28
1067	331
1068	0
1069	20
1070	411
1071	32
1072	11
1073	48
1074	79
1075	7
1076	115
1077	0
1078	0
1079	269
1080	181
1081	0
1082	59
1083	143
1084	185
1085	0
1086	175
1087	0
1088	234
1089	103
1090	0
1091	231
1092	25
1093	232
1094	270
1095	314
1096	52
1097	159
1098	0
1099	128
1100	51
1101	238
1102	188
1103	180
1104	87
1105	215
1106	124
1107	139
1108	99
1109	450
1110	307
1111	132
1112	104
1113	62
1114	137
1115	74
1116	159
1117	481
1118	241
1119	0
1120	123
1121	41
1122	217
1123	43
1124	441
1125	297
1126	51
1127	0
1128	0
1129	165
1130	99
1131	0
1132	104
1133	21
1134	11
1135	205
1136	354
1137	342
1138	402
1139	348
1140	229
1141	0
1142	0
1143	0
1144	231
1145	66
1146	290
1147	49
1148	215
1149	161
1150	272
1151	216
1152	434
1153	0
1154	101
1155	108
1156	259
1157	198
1158	71
1159	85
1160	34
1161	235
1162	267
1163	0
1164	102
1165	106
1166	0
1167	0
1168	382
1169	0
1170	0
1171	293
1172	0
1173	0
1174	246
1175	0
1176	4
1177	508
1178	0
1179	47
1180	0
1181	79
1182	174
1183	189
1184	54
1185	136
1186	0
1187	0
1188	0
1189	205
1190	242
1191	132
1192	64
1193	91
1194	0
1195	0
1196	0
1197	0
1198	0
1199	0
1200	0
1201	18
1202	5
1203	0
1204	137
1205	41
1206	0
1207	265
1208	26
1209	121
1210	44
1211	0
1212	108
1213	298
1214	97
1215	34
1216	0
1217	0
1218	0
1219	0
1220	0
1221	0
1222	0
1223	0
1224	0
1225	0
1226	47
1227	0
1228	0
1229	6
1230	0
1231	22
1232	52
1233	0
1234	110
1235	0
1236	0
1237	6
1238	0
1239	0
1240	0
1241	0
1242	0
1243	0
1244	0
1245	58
1246	0
1247	0
1248	208
1249	0
1250	24
1251	0
1252	0
1253	0
1254	132
1255	25
1256	0
1257	0
1258	0
1259	52
1260	0
1261	0
1262	0
1263	238
1264	0
1265	87
1266	333
1267	104
1268	0
1269	297
1270	0
1271	0
1272	0
1273	193
1274	13
1275	0
1276	44
1277	0
1278	204
1279	0
1280	0
1281	66
1282	0
1283	236
1284	91
1285	62
1286	413
1287	81
1288	303
1289	444
1290	172
1291	0
1292	0
1293	308
1294	0
1295	0
1296	172
1297	105
1298	442
1299	436
1300	14
1301	295
1302	0
1303	0
1304	327
1305	212
1306	301
1307	27
1308	63
1309	145
1310	0
1311	119
1312	332
1313	183
1314	12
1315	73
1316	104
1317	65
1318	0
1319	235
1320	222
1321	63
1322	141
1323	372
1324	169
1325	414
1326	205
1327	57
1328	405
1329	0
1330	343
1331	50
1332	45
1333	3
1334	22
1335	131
1336	131
1337	232
1338	191
1339	0
1340	0
1341	32
1342	26
1343	181
1344	466
1345	359
1346	412
1347	521
1348	248
1349	454
1350	355
1351	169
1352	48
1353	29
1354	121
1355	238
1356	370
1357	146
1358	318
1359	39
1360	329
1361	345
1362	167
1363	187
1364	298
1365	115
1366	231
1367	293
1368	45
1369	436
1370	411
1371	583
1372	468
1373	334
1374	180
1375	148
1376	297
1377	390
1378	298
1379	417
1380	278
1381	0
1382	326
1383	333
1384	412
1385	119
1386	0
1387	222
1388	247
1389	290
1390	213
1391	402
1392	403
1393	339
1394	263
1395	231
1396	264
1397	198
1398	183
1399	369
1400	477
1401	79
1402	191
1403	242
1404	176
1405	443
1406	187
1407	98
1408	102
1409	365
1410	475
1411	29
1412	290
1413	135
1414	181
1415	370
1416	162
1417	142
1418	0
1419	243
1420	155
1421	81
1422	0
1423	39
1424	319
1425	27
1426	200
1427	0
1428	279
1429	59
1430	314
1431	55
1432	161
1433	226
1434	0
1435	0
1436	0
1437	221
1438	0
1439	71
1440	0
1441	0
1442	0
1443	17
1444	0
1445	67
1446	0
1447	165
1448	176
1449	162
1450	0
1451	0
1452	44
1453	0
1454	0
1455	169
1456	161
1457	0
1458	0
1459	50
1460	27
1461	152
1462	125
1463	0
1464	20
1465	66
1466	46
1467	97
1468	251
1469	0
1470	1
1471	0
1472	78
1473	128
1474	23
1475	128
1476	177
1477	0
1478	0
1479	0
1480	9
1481	194
1482	76
1483	33
1484	0
1485	261
1486	136
1487	72
1488	160
1489	34
1490	0
1491	97
1492	0
1493	68
1494	0
1495	0
1496	0
1497	0
1498	146
1499	0
1500	297
1501	147
1502	131
1503	40
1504	0
1505	0
1506	209
1507	104
1508	0
1509	0
1510	10
1511	215
1512	87
1513	0
1514	315
1515	18
1516	32
1517	0
1518	156
1519	204
1520	237
1521	131
1522	94
1523	0
1524	0
1525	0
1526	0
1527	89
1528	0
1529	131
1530	0
1531	181
1532	0
1533	86
1534	181
1535	0
1536	69
1537	40
1538	0
1539	0
1540	170
1541	179
1542	46
1543	78
1544	76
1545	242
1546	0
1547	325
1548	111
1549	209
1550	51
1551	6
1552	191
1553	124
1554	386
1555	26
1556	0
1557	173
1558	0
1559	114
1560	0
1561	126
1562	42
1563	0
1564	256
1565	0
1566	151
1567	156
1568	109
1569	255
1570	115
1571	179
1572	176
1573	165
1574	41
1575	108
1576	52
1577	294
1578	0
1579	197
1580	116
1581	136
1582	204
1583	4
1584	143
1585	220
1586	140
1587	73
1588	246
1589	204
1590	314
1591	75
1592	233
1593	148
1594	203
1595	208
1596	262
1597	117
1598	337
1599	166
1600	255
1601	279
1602	319
1603	176
1604	305
1605	362
1606	119
1607	280
1608	0
1609	211
1610	264
1611	66
1612	164
1613	202
1614	111
1615	271
1616	403
1617	155
1618	294
1619	215
1620	0
1621	50
1622	130
1623	206
1624	69
1625	97
1626	380
1627	112
1628	184
1629	242
1630	308
1631	187
1632	91
1633	101
1634	270
1635	329
1636	54
1637	83
1638	149
1639	0
1640	488
1641	196
1642	131
1643	76
1644	222
1645	372
1646	200
1647	95
1648	0
1649	145
1650	373
1651	116
1652	269
1653	109
1654	184
1655	198
1656	242
1657	130
1658	108
1659	0
1660	169
1661	199
1662	96
1663	147
1664	159
1665	0
1666	48
1667	174
1668	26
1669	128
1670	47
1671	284
1672	180
1673	21
1674	230
1675	180
1676	233
1677	176
1678	158
1679	235
1680	339
1681	60
1682	191
1683	51
1684	182
1685	216
1686	404
1687	66
1688	110
1689	0
1690	161
1691	174
1692	270
1693	55
1694	204
1695	0
1696	35
1697	54
1698	316
1699	109
1700	233
1701	46
1702	219
1703	202
1704	76
1705	121
1706	20
1707	76
1708	123
1709	128
1710	129
1711	74
1712	102
1713	303
1714	186
1715	24
1716	202
1717	0
1718	162
1719	0
1720	130
1721	48
1722	239
1723	32
1724	150
1725	106
1726	7
1727	320
1728	130
1729	0
1730	247
1731	128
1732	317
1733	120
1734	108
1735	65
1736	301
1737	321
1738	0
1739	76
1740	65
1741	76
1742	290
1743	376
1744	118
1745	286
1746	289
1747	180
1748	166
1749	219
1750	48
1751	288
1752	29
1753	286
1754	138
1755	12
1756	64
1757	107
1758	94
1759	274
1760	311
1761	181
1762	0
1763	279
1764	41
1765	179
1766	278
1767	220
1768	143
1769	231
1770	66
1771	142
1772	164
1773	141
1774	3
1775	0
1776	149
1777	118
1778	25
1779	1
1780	96
1781	113
1782	79
1783	0
1784	5
1785	289
1786	0
1787	136
1788	321
1789	21
1790	45
1791	56
1792	173
1793	59
1794	0
1795	253
1796	51
1797	190
1798	43
1799	44
1800	154
1801	103
1802	0
1803	213
1804	55
1805	18
1806	0
1807	172
1808	99
1809	120
1810	60
1811	145
1812	11
1813	117
1814	84
1815	0
1816	0
1817	0
1818	0
1819	176
1820	96
1821	296
1822	116
1823	0
1824	42
1825	252
1826	0
1827	2
1828	0
1829	93
1830	0
1831	73
1832	0
1833	91
1834	110
1835	143
1836	0
1837	79
1838	3
1839	0
1840	0
1841	29
1842	0
1843	0
1844	0
1845	0
1846	71
1847	0
1848	0
1849	0
1850	0
1851	3
1852	0
1853	77
1854	31
1855	0
1856	21
1857	0
1858	21
1859	0
1860	22
1861	0
1862	0
1863	0
1864	0
1865	94
1866	0
1867	0
1868	0
1869	0
1870	0
1871	0
1872	0
1873	0
1874	0
1875	0
1876	0
1877	0
1878	0
1879	0
1880	39
1881	0
1882	0
1883	4
1884	0
1885	0
1886	0
1887	46
1888	0
1889	0
1890	0
1891	0
1892	0
1893	0
1894	0
1895	0
1896	5
1897	0
1898	0
1899	0
1900	0
1901	0
1902	0
1903	0
1904	0
1905	0
1906	0
1907	0
1908	0
1909	0
1910	0
1911	0
1912	0
1913	0
1914	0
1915	0
1916	0
1917	0
1918	0
1919	0
1920	0
1921	0
1922	0
1923	0
1924	0
1925	0
1926	0
1927	0
1928	0
1929	0
1930	0
1931	0
1932	0
1933	0
1934	0
1935	0
1936	0
1937	0
1938	0
1939	0
1940	0
1941	0
1942	0
1943	0
1944	0
1945	0
1946	0
1947	0
1948	0
1949	0
1950	0
1951	0
1952	0
1953	0
1954	0
1955	0
1956	0
1957	0
1958	0
1959	0
1960	0
1961	0
1962	0
1963	0
1964	0
1965	0
1966	0
1967	0
1968	0
1969	0
1970	0
1971	0
1972	0
1973	0
1974	0
1975	0
1976	0
1977	0
1978	0
1979	0
1980	0
1981	0
1982	0
1983	0
1984	0
1985	0
1986	0
1987	0
1988	0
1989	0
1990	0
1991	23
1992	0
1993	0
1994	374
1995	159
1996	170
1997	0
1998	83
1999	0
2000	207
2001	103
2002	117
2003	238
2004	43
2005	306
2006	17
2007	321
2008	240
2009	713
2010	400
2011	542
2012	601
2013	559
2014	585
2015	659
2016	537
2017	821
2018	983
2019	756
2020	686
2021	834
2022	1019
2023	1245
2024	969
2025	809
2026	560
2027	1313
2028	1404
2029	1029
2030	1065
2031	1416
2032	1228
2033	1496
2034	1345
2035	1482
2036	1714
2037	1452
2038	1672
2039	1721
2040	1592
2041	1894
2042	1998
2043	1727
2044	1485
2045	2042
2046	1636
2047	1742
2048	1744
2049	1685
2050	1516
2051	1917
2052	1710
2053	1962
2054	1799
2055	1870
2056	1914
2057	2045
2058	1792
2059	2114
2060	1756
2061	2193
2062	1929
2063	1707
2064	1927
2065	1918
2066	1807
2067	1820
2068	1704
2069	1901
2070	1454
2071	1683
2072	1896
2073	1788
2074	1565
2075	1587
2076	1679
2077	1357
2078	1664
2079	1264
2080	1480
2081	1423
2082	1612
2083	1409
2084	1422
2085	1473
2086	1247
2087	1171
2088	1263
2089	1289
2090	1165
2091	1002
2092	1239
2093	977
2094	1145
2095	1063
2096	887
2097	1067
2098	947
2099	731
2100	906
2101	906
2102	1014
2103	892
2104	995
2105	701
2106	836
2107	740
2108	493
2109	954
2110	652
2111	516
2112	533
2113	343
2114	407
2115	314
2116	379
2117	467
2118	582
2119	452
2120	410
2121	276
2122	420
2123	344
2124	368
2125	355
2126	407
2127	338
2128	183
2129	264
2130	239
2131	296
2132	162
2133	249
2134	174
2135	195
2136	89
2137	248
2138	216
2139	196
2140	128
2141	155
2142	100
2143	3
2144	229
2145	28
2146	70
2147	48
2148	16
2149	99
2150	28
2151	137
2152	164
2153	108
2154	42
2155	0
2156	0
2157	0
2158	28
2159	0
2160	5
2161	31
2162	63
2163	60
2164	20
2165	0
2166	0
2167	5
2168	0
2169	0
2170	44
2171	0
2172	0
2173	0
2174	34
2175	8
2176	18
2177	0
2178	16
2179	0
2180	11
2181	38
2182	114
2183	191
2184	2
2185	0
2186	101
2187	29
2188	0
2189	0
2190	0
2191	0
2192	0
2193	0
2194	0
2195	17
2196	0
2197	15
2198	33
2199	0
2200	0
2201	0
2202	0
2203	108
2204	41
2205	0
2206	0
2207	12
2208	0
2209	0
2210	0
2211	13
2212	0
2213	13
2214	42
2215	74
2216	5
2217	0
2218	0
2219	0
2220	27
2221	75
2222	105
2223	0
2224	55
2225	0
2226	0
2227	71
2228	12
2229	0
2230	0
2231	149
2232	62
2233	85
2234	0
2235	35
2236	1
2237	0
2238	127
2239	0
2240	97
2241	2
2242	19
2243	0
2244	28
2245	118
2246	32
2247	0
2248	9
2249	59
2250	44
2251	9
2252	22
2253	8
2254	0
2255	0
2256	79
2257	13
2258	2
2259	0
2260	0
2261	136
2262	0
2263	61
2264	22
2265	0
2266	0
2267	0
2268	105
2269	61
2270	0
2271	186
2272	0
2273	108
2274	10
2275	32
2276	28
2277	0
2278	0
2279	53
2280	47
2281	2
2282	0
2283	18
2284	38
2285	63
2286	0
2287	0
2288	0
2289	0
2290	69
2291	25
2292	91
2293	0
2294	23
2295	0
2296	14
2297	0
2298	40
2299	36
2300	0
2301	0
2302	39
2303	0
2304	29
2305	32
2306	0
2307	0
2308	0
2309	0
2310	66
2311	62
2312	13
2313	0
2314	16
2315	0
2316	0
2317	33
2318	0
2319	22
2320	0
2321	0
2322	73
2323	32
2324	0
2325	0
2326	0
2327	0
2328	66
2329	0
2330	0
2331	102
2332	4
2333	10
2334	2
2335	0
2336	0
2337	0
2338	0
2339	7
2340	7
2341	0
2342	0
2343	0
2344	0
2345	0
2346	0
2347	11
2348	0
2349	41
2350	0
2351	0
2352	0
2353	0
2354	0
2355	10
2356	0
2357	0
2358	20
2359	0
2360	0
2361	0
2362	0
2363	0
2364	0
2365	0
2366	0
2367	0
2368	0
2369	0
2370	0
2371	0
2372	0
2373	0
2374	0
2375	0
2376	0
2377	0
2378	0
2379	0
2380	0
2381	0
2382	16
2383	29
2384	0
2385	0
2386	0
2387	0
2388	0
2389	0
2390	13
2391	0
2392	116
2393	0
2394	0
2395	0
2396	0
2397	0
2398	73
2399	0
2400	4
2401	13
2402	0
2403	106
2404	143
2405	0
2406	0
2407	0
2408	0
2409	62
2410	106
2411	0
2412	21
2413	17
2414	0
2415	13
2416	33
2417	0
2418	20
2419	97
2420	0
2421	0
2422	55
2423	17
2424	3
2425	78
2426	64
2427	148
2428	24
2429	0
2430	0
2431	0
2432	39
2433	0
2434	102
2435	140
2436	0
2437	77
2438	17
2439	0
2440	28
2441	29
2442	15
2443	142
2444	0
2445	0
2446	0
2447	113
2448	25
2449	0
2450	30
2451	1
2452	29
2453	3
2454	108
2455	71
2456	65
2457	23
2458	70
2459	138
2460	0
2461	169
2462	5
2463	202
2464	41
2465	106
2466	138
2467	2
2468	149
2469	19
2470	0
2471	19
2472	40
2473	89
2474	138
2475	37
2476	115
2477	61
2478	46
2479	62
2480	173
2481	65
2482	165
2483	163
2484	0
2485	73
2486	0
2487	33
2488	39
2489	125
2490	100
2491	119
2492	18
2493	89
2494	202
2495	63
2496	78
2497	0
2498	0
2499	0
2500	81
2501	73
2502	57
2503	126
2504	66
2505	70
2506	12
2507	0
2508	8
2509	0
2510	123
2511	151
2512	67
2513	0
2514	158
2515	95
2516	32
2517	35
2518	0
2519	12
2520	50
2521	92
2522	63
2523	49
2524	0
2525	95
2526	0
2527	83
2528	51
2529	86
2530	48
2531	0
2532	158
2533	0
2534	16
2535	0
2536	37
2537	9
2538	69
2539	0
2540	7
2541	0
2542	32
2543	76
2544	0
2545	0
2546	59
2547	57
2548	39
2549	0
2550	0
2551	88
2552	0
2553	17
2554	0
2555	40
2556	0
2557	73
2558	0
2559	0
2560	0
2561	64
2562	0
2563	57
2564	58
2565	30
2566	43
2567	0
2568	112
2569	6
2570	1
2571	84
2572	51
2573	5
2574	31
2575	0
2576	57
2577	44
2578	57
2579	10
2580	40
2581	0
2582	11
2583	0
2584	129
2585	17
2586	111
2587	9
2588	10
2589	0
2590	0
2591	0
2592	0
2593	0
2594	0
2595	33
2596	0
2597	15
2598	67
2599	0
2600	43
2601	42
2602	55
2603	0
2604	0
2605	110
2606	8
2607	0
2608	88
2609	17
2610	6
2611	109
2612	21
2613	0
2614	0
2615	0
2616	21
2617	0
2618	0
2619	83
2620	0
2621	3
2622	0
2623	0
2624	46
2625	7
2626	54
2627	0
2628	48
2629	0
2630	39
2631	44
2632	25
2633	0
2634	100
2635	48
2636	26
2637	21
2638	0
2639	32
2640	0
2641	0
2642	5
2643	43
2644	0
2645	33
2646	24
2647	10
2648	0
2649	2
2650	0
2651	0
2652	0
2653	13
2654	17
2655	0
2656	44
2657	0
2658	39
2659	52
2660	27
2661	0
2662	0
2663	0
2664	16
2665	58
2666	35
2667	12
2668	0
2669	0
2670	32
2671	0
2672	0
2673	0
2674	9
2675	50
2676	0
2677	0
2678	38
2679	0
2680	0
2681	18
2682	0
2683	6
2684	55
2685	21
2686	53
2687	16
2688	0
2689	55
2690	0
2691	0
2692	26
2693	0
2694	60
2695	27
2696	0
2697	24
2698	0
2699	0
2700	0
2701	103
2702	0
2703	0
2704	0
2705	0
2706	27
2707	0
2708	0
2709	17
2710	59
2711	9
2712	0
2713	0
2714	0
2715	38
2716	0
2717	0
2718	23
2719	18
2720	36
2721	0
2722	0
2723	20
2724	0
2725	36
2726	0
2727	28
2728	23
2729	18
2730	8
2731	27
2732	0
2733	0
2734	0
2735	0
2736	4
2737	24
2738	7
2739	0
2740	40
2741	22
2742	0
2743	40
2744	0
2745	0
2746	0
2747	0
2748	0
2749	4
2750	0
2751	0
2752	24
2753	29
2754	53
2755	0
2756	9
2757	58
2758	0
2759	0
2760	0
2761	34
2762	0
2763	6
2764	0
2765	0
2766	0
2767	32
2768	1
2769	0
2770	44
2771	0
2772	3
2773	0
2774	0
2775	21
2776	47
2777	0
2778	0
2779	0
2780	0
2781	0
2782	25
2783	0
2784	0
2785	28
2786	0
2787	0
2788	0
2789	9
2790	0
2791	0
2792	0
2793	0
2794	0
2795	0
2796	0
2797	3
2798	0
2799	0
2800	98
2801	59
2802	13
2803	0
2804	0
2805	0
2806	0
2807	52
2808	0
2809	0
2810	40
2811	0
2812	18
2813	66
2814	0
2815	1
2816	0
2817	0
2818	0
2819	0
2820	0
2821	0
2822	27
2823	9
2824	0
2825	0
2826	0
2827	26
2828	0
2829	0
2830	0
2831	0
2832	58
2833	0
2834	0
2835	0
2836	0
2837	0
2838	0
2839	0
2840	0
2841	0
2842	0
2843	0
2844	5
2845	0
2846	0
2847	0
2848	0
2849	0
2850	0
2851	0
2852	0
2853	0
2854	18
2855	8
2856	0
2857	0
2858	0
2859	0
2860	0
2861	0
2862	0
2863	0
2864	0
2865	0
2866	0
2867	0
2868	0
2869	4
2870	0
2871	0
2872	0
2873	39
2874	0
2875	0
2876	0
2877	0
2878	0
2879	0
2880	0
2881	0
2882	0
2883	0
2884	0
2885	51
2886	0
2887	0
2888	20
2889	0
2890	0
2891	0
2892	0
2893	0
2894	0
2895	18
2896	0
2897	0
2898	0
2899	1
2900	38
2901	0
2902	0
2903	8
2904	46
2905	38
2906	83
2907	0
2908	0
2909	0
2910	0
2911	0
2912	13
2913	0
2914	0
2915	0
2916	113
2917	0
2918	0
2919	21
2920	65
2921	0
2922	0
2923	0
2924	13
2925	0
2926	60
2927	0
2928	0
2929	0
2930	0
2931	24
2932	0
2933	0
2934	43
2935	48
2936	33
2937	0
2938	0
2939	81
2940	90
2941	15
2942	83
2943	0
2944	0
2945	0
2946	0
2947	0
2948	0
2949	0
2950	0
2951	0
2952	6
2953	7
2954	0
2955	98
2956	10
2957	0
2958	30
2959	30
2960	23
2961	7
2962	38
2963	0
2964	0
2965	13
2966	0
2967	0
2968	82
2969	39
2970	30
2971	103
2972	47
2973	0
2974	72
2975	58
2976	65
2977	0
2978	0
2979	55
2980	44
2981	43
2982	21
2983	66
2984	16
2985	84
2986	47
2987	146
2988	0
2989	27
2990	0
2991	111
2992	0
2993	0
2994	57
2995	76
2996	0
2997	0
2998	34
2999	23
3000	93
3001	86
3002	0
3003	118
3004	2
3005	30
3006	0
3007	0
3008	64
3009	22
3010	19
3011	0
3012	0
3013	2
3014	0
3015	37
3016	0
3017	66
3018	127
3019	30
3020	0
3021	0
3022	33
3023	0
3024	0
3025	45
3026	0
3027	0
3028	0
3029	0
3030	0
3031	7
3032	68
3033	10
3034	0
3035	47
3036	0
3037	45
3038	66
3039	39
3040	0
3041	0
3042	0
3043	0
3044	0
3045	0
3046	65
3047	3
3048	83
3049	0
3050	15
3051	0
3052	0
3053	0
3054	22
3055	0
3056	113
3057	0
3058	109
3059	0
3060	4
3061	0
3062	26
3063	75
3064	16
3065	0
3066	0
3067	54
3068	22
3069	64
3070	0
3071	22
3072	17
3073	25
3074	15
3075	0
3076	19
3077	3
3078	27
3079	0
3080	3
3081	63
3082	7
3083	31
3084	0
3085	18
3086	78
3087	80
3088	76
3089	67
3090	23
3091	13
3092	11
3093	15
3094	0
3095	22
3096	114
3097	43
3098	38
3099	26
3100	98
3101	0
3102	0
3103	59
3104	0
3105	16
3106	104
3107	16
3108	0
3109	19
3110	8
3111	27
3112	0
3113	0
3114	13
3115	50
3116	18
3117	4
3118	87
3119	0
3120	16
3121	22
3122	0
3123	3
3124	0
3125	5
3126	38
3127	69
3128	0
3129	35
3130	11
3131	71
3132	1
3133	0
3134	33
3135	0
3136	23
3137	59
3138	17
3139	97
3140	0
3141	7
3142	87
3143	93
3144	0
3145	6
3146	35
3147	24
3148	31
3149	0
3150	89
3151	0
3152	65
3153	16
3154	26
3155	35
3156	82
3157	78
3158	47
3159	0
3160	0
3161	0
3162	39
3163	0
3164	29
3165	8
3166	67
3167	39
3168	17
3169	0
3170	44
3171	17
3172	0
3173	0
3174	6
3175	40
3176	0
3177	40
3178	0
3179	0
3180	12
3181	96
3182	0
3183	0
3184	24
3185	37
3186	0
3187	54
3188	54
3189	0
3190	11
3191	0
3192	5
3193	0
3194	0
3195	11
3196	0
3197	0
3198	2
3199	0
3200	90
3201	21
3202	0
3203	0
3204	17
3205	54
3206	1
3207	85
3208	34
3209	0
3210	27
3211	50
3212	13
3213	28
3214	20
3215	0
3216	0
3217	0
3218	0
3219	74
3220	47
3221	10
3222	0
3223	40
3224	0
3225	37
3226	0
3227	12
3228	0
3229	37
3230	20
3231	20
3232	74
3233	40
3234	0
3235	0
3236	46
3237	98
3238	0
3239	31
3240	26
3241	0
3242	0
3243	15
3244	69
3245	22
3246	19
3247	47
3248	147
3249	0
3250	0
3251	28
3252	0
3253	4
3254	38
3255	0
3256	0
3257	0
3258	2
3259	11
3260	0
3261	17
3262	0
3263	36
3264	18
3265	72
3266	16
3267	31
3268	44
3269	58
3270	0
3271	60
3272	16
3273	0
3274	0
3275	33
3276	0
3277	22
3278	48
3279	51
3280	2
3281	38
3282	14
3283	0
3284	0
3285	0
3286	54
3287	0
3288	0
3289	56
3290	0
3291	67
3292	0
3293	0
3294	0
3295	17
3296	55
3297	0
3298	0
3299	0
3300	51
3301	0
3302	2
3303	0
3304	0
3305	18
3306	50
3307	19
3308	52
3309	0
3310	18
3311	0
3312	50
3313	31
3314	27
3315	0
3316	0
3317	0
3318	7
3319	22
3320	0
3321	0
3322	0
3323	0
3324	0
3325	0
3326	35
3327	0
3328	15
3329	0
3330	6
3331	22
3332	0
3333	1
3334	0
3335	0
3336	0
3337	52
3338	0
3339	0
3340	3
3341	36
3342	0
3343	0
3344	0
3345	32
3346	0
3347	0
3348	22
3349	25
3350	0
3351	0
3352	23
3353	19
3354	0
3355	0
3356	0
3357	6
3358	7
3359	11
3360	0
3361	0
3362	26
3363	0
3364	0
3365	0
3366	0
3367	0
3368	0
3369	18
3370	0
3371	0
3372	0
3373	0
3374	0
3375	10
3376	22
3377	0
3378	0
3379	28
3380	0
3381	0
3382	27
3383	0
3384	14
3385	0
3386	30
3387	0
3388	0
3389	71
3390	0
3391	0
3392	0
3393	27
3394	0
3395	0
3396	0
3397	0
3398	0
3399	12
3400	31
3401	14
3402	16
3403	0
3404	0
3405	0
3406	10
3407	81
3408	0
3409	0
3410	0
3411	0
3412	0
3413	0
3414	0
3415	0
3416	0
3417	0
3418	0
3419	0
3420	0
3421	0
3422	0
3423	0
3424	0
3425	33
3426	0
3427	0
3428	0
3429	0
3430	3
3431	0
3432	0
3433	0
3434	0
3435	0
3436	0
3437	0
3438	0
3439	0
3440	0
3441	0
3442	0
3443	0
3444	0
3445	0
3446	0
3447	0
3448	0
3449	0
3450	0
3451	0
3452	22
3453	0
3454	40
3455	0
3456	0
3457	0
3458	0
3459	0
3460	0
3461	0
3462	0
3463	0
3464	0
3465	0
3466	0
3467	0
3468	0
3469	0
3470	0
3471	0
3472	0
3473	0
3474	0
3475	0
3476	0
3477	0
3478	0
3479	0
3480	0
3481	0
3482	0
3483	0
3484	0
3485	0
3486	0
3487	0
3488	0
3489	0
3490	0
3491	0
3492	0
3493	0
3494	0
3495	0
3496	0
3497	0
3498	0
3499	0
3500	0
3501	0
3502	0
3503	0
3504	0
3505	0
3506	0
3507	0
3508	0
3509	0
3510	0
3511	0
3512	0
3513	0
3514	0
3515	0
3516	0
3517	0
3518	0
3519	0
3520	0
3521	0
3522	0
3523	0
3524	0
3525	0
3526	0
3527	0
3528	0
3529	0
3530	0
3531	0
3532	0
3533	0
3534	0
3535	0
3536	0
3537	0
3538	0
3539	0
3540	0
3541	0
3542	0
3543	0
3544	0
3545	0
3546	0
3547	0
3548	10
3549	0
3550	0
3551	0
3552	0
3553	0
3554	0
3555	0
3556	0
3557	0
3558	0
3559	25
3560	0
3561	68
3562	0
3563	0
3564	0
3565	0
3566	0
3567	0
3568	0
3569	0
3570	0
3571	0
3572	0
3573	0
3574	0
3575	0
3576	0
3577	0
3578	0
3579	0
3580	61
3581	0
3582	0
3583	0
3584	110
3585	24
3586	18
3587	6
3588	55
3589	51
3590	0
3591	0
3592	0
3593	0
3594	0
3595	5
3596	0
3597	56
3598	0
3599	119
3600	0
3601	0
3602	107
3603	128
3604	77
3605	177
3606	83
3607	171
3608	69
3609	90
3610	174
3611	129
3612	81
3613	170
3614	106
3615	112
3616	129
3617	69
3618	291
3619	73
3620	64
3621	0
3622	73
3623	97
3624	175
3625	209
3626	170
3627	261
3628	98
3629	75
3630	143
3631	216
3632	213
3633	218
3634	84
3635	193
3636	145
3637	150
3638	113
3639	231
3640	181
3641	138
3642	98
3643	197
3644	314
3645	201
3646	127
3647	187
3648	180
3649	344
3650	203
3651	135
3652	266
3653	210
3654	336
3655	123
3656	254
3657	300
3658	53
3659	288
3660	290
3661	160
3662	179
3663	220
3664	142
3665	171
3666	222
3667	147
3668	185
3669	264
3670	33
3671	242
3672	190
3673	143
3674	184
3675	157
3676	223
3677	201
3678	84
3679	130
3680	139
3681	222
3682	280
3683	237
3684	189
3685	193
3686	185
3687	184
3688	178
3689	170
3690	252
3691	127
3692	239
3693	203
3694	240
3695	146
3696	48
3697	176
3698	111
3699	168
3700	174
3701	146
3702	191
3703	104
3704	60
3705	100
3706	48
3707	152
3708	141
3709	162
3710	83
3711	159
3712	156
3713	126
3714	98
3715	142
3716	89
3717	103
3718	29
3719	210
3720	117
3721	66
3722	32
3723	110
3724	129
3725	103
3726	135
3727	34
3728	125
3729	92
3730	56
3731	85
3732	72
3733	62
3734	85
3735	78
3736	76
3737	35
3738	67
3739	31
3740	58
3741	0
3742	13
3743	95
3744	9
3745	67
3746	37
3747	30
3748	99
3749	41
3750	22
3751	37
3752	5
3753	59
3754	55
3755	62
3756	37
3757	14
3758	39
3759	45
3760	0
3761	2
3762	0
3763	26
3764	0
3765	18
3766	27
3767	0
3768	20
3769	18
3770	0
3771	41
3772	0
3773	29
3774	16
3775	20
3776	1
3777	0
3778	7
3779	0
3780	20
3781	11
3782	0
3783	44
3784	0
3785	0
3786	0
3787	0
3788	17
3789	21
3790	0
3791	5
3792	0
3793	6
3794	0
3795	2
3796	0
3797	0
3798	26
3799	7
3800	22
3801	0
3802	0
3803	0
3804	0
3805	19
3806	19
3807	0
3808	3
3809	0
3810	26
3811	0
3812	0
3813	6
3814	0
3815	0
3816	0
3817	0
3818	0
3819	0
3820	0
3821	0
3822	0
3823	4
3824	0
3825	9
3826	0
3827	0
3828	0
3829	0
3830	0
3831	0
3832	0
3833	9
3834	0
3835	0
3836	0
3837	2
3838	14
3839	8
3840	0
3841	5
3842	1
3843	0
3844	32
3845	0
3846	0
3847	8
3848	0
3849	0
3850	14
3851	0
3852	3
3853	0
3854	0
3855	0
3856	0
3857	0
3858	4
3859	4
3860	6
3861	0
3862	31
3863	0
3864	0
3865	0
3866	0
3867	0
3868	0
3869	0
3870	4
3871	0
3872	22
3873	0
3874	2
3875	13
3876	0
3877	1
3878	0
3879	0
3880	0
3881	0
3882	1
3883	0
3884	20
3885	0
3886	0
3887	8
3888	0
3889	0
3890	0
3891	0
3892	10
3893	0
3894	0
3895	0
3896	6
3897	7
3898	0
3899	0
3900	7
3901	0
3902	0
3903	0
3904	0
3905	4
3906	0
3907	6
3908	10
3909	0
3910	0
3911	0
3912	10
3913	0
3914	0
3915	0
3916	6
3917	0
3918	0
3919	6
3920	13
3921	5
3922	0
3923	8
3924	0
3925	7
3926	16
3927	0
3928	23
3929	7
3930	0
3931	3
3932	0
3933	0
3934	0
3935	0
3936	0
3937	7
3938	2
3939	0
3940	0
3941	6
3942	0
3943	30
3944	23
3945	11
3946	0
3947	0
3948	23
3949	8
3950	0
3951	1
3952	4
3953	23
3954	0
3955	0
3956	0
3957	0
3958	0
3959	4
3960	0
3961	13
3962	0
3963	1
3964	0
3965	0
3966	0
3967	0
3968	0
3969	0
3970	0
3971	21
3972	2
3973	18
3974	0
3975	0
3976	0
3977	0
3978	0
3979	0
3980	0
3981	13
3982	0
3983	11
3984	7
3985	0
3986	0
3987	0
3988	0
3989	0
3990	7
3991	0
3992	0
3993	0
3994	0
3995	6
3996	18
3997	3
3998	11
3999	0
4000	0
4001	0
4002	14
4003	0
4004	4
4005	16
4006	0
4007	0
4008	4
4009	0
4010	7
4011	0
4012	2
4013	9
4014	0
4015	0
4016	9
4017	0
4018	0
4019	0
4020	0
4021	0
4022	0
4023	0
4024	8
4025	0
4026	8
4027	0
4028	14
4029	10
4030	0
4031	4
4032	0
4033	0
4034	9
4035	9
4036	26
4037	5
4038	0
4039	0
4040	0
4041	6
4042	9
4043	0
4044	0
4045	5
4046	0
4047	0
4048	9
4049	6
4050	0
4051	14
4052	7
4053	6
4054	0
4055	8
4056	0
4057	11
4058	0
4059	0
4060	34
4061	8
4062	18
4063	0
4064	2
4065	1
4066	0
4067	0
4068	15
4069	6
4070	0
4071	0
4072	0
4073	0
4074	0
4075	11
4076	0
4077	1
4078	0
4079	6
4080	3
4081	13
4082	2
4083	22
4084	2
4085	0
4086	15
4087	0
4088	0
4089	0
4090	0
4091	8
4092	0
4093	9
4094	2
4095	2
