Channel	Net_Counts
0	0
1	0
1	0
2	0
3	0
4	0
5	0
6	0
7	0
8	0
9	0
10	0
11	0
12	0
13	0
14	0
15	0
16	0
17	0
18	0
19	0
20	0
21	0
22	0
23	0
24	0
25	0
26	0
27	0
28	0
29	0
30	0
31	0
32	0
33	0
34	0
35	0
36	0
37	0
38	0
39	0
40	0
41	0
42	0
43	0
44	0
45	2
46	0
47	0
48	0
49	0
50	0
51	0
52	0
53	1
54	0
55	1
56	0
57	0
58	1
59	0
60	1
61	2
62	0
63	0
64	0
65	2
66	0
67	0
68	2
69	0
70	0
71	1
72	0
73	0
74	0
75	2
76	0
77	2
78	1
79	0
80	0
81	2
82	1
83	2
84	0
85	3
86	0
87	2
88	0
89	0
90	0
91	2
92	3
93	3
94	0
95	0
96	1
97	1
98	3
99	0
100	2
101	4
102	0
103	0
104	0
105	5
106	0
107	0
108	0
109	1
110	1
111	0
112	0
113	2
114	0
115	2
116	0
117	0
118	0
119	0
120	1
121	1
122	1
123	0
124	2
125	2
126	2
127	4
128	1
129	0
130	0
131	0
132	0
133	1
134	0
135	0
136	1
137	23
138	81
139	26
140	84
141	88
142	61
143	39
144	47
145	109
146	60
147	50
148	72
149	13
150	0
151	46
152	2
153	20
154	30
155	32
156	12
157	53
158	133
159	20
160	122
161	149
162	41
163	84
164	78
165	33
166	66
167	49
168	150
169	181
170	113
171	27
172	96
173	73
174	69
175	48
176	96
177	14
178	50
179	74
180	62
181	65
182	27
183	0
184	117
185	0
186	0
187	35
188	54
189	42
190	114
191	84
192	20
193	27
194	79
195	7
196	0
197	32
198	43
199	112
200	47
201	76
202	19
203	32
204	48
205	45
206	80
207	30
208	0
209	25
210	0
211	16
212	0
213	0
214	45
215	15
216	22
217	68
218	0
219	0
220	0
221	61
222	9
223	67
224	45
225	18
226	0
227	68
228	51
229	55
230	0
231	63
232	0
233	4
234	0
235	75
236	35
237	36
238	0
239	39
240	0
241	0
242	61
243	38
244	0
245	0
246	0
247	103
248	0
249	0
250	17
251	18
252	0
253	3
254	0
255	18
256	5
257	46
258	0
259	42
260	11
261	8
262	26
263	46
264	0
265	0
266	30
267	29
268	63
269	37
270	0
271	65
272	34
273	28
274	16
275	65
276	17
277	54
278	62
279	0
280	10
281	38
282	69
283	3
284	0
285	24
286	0
287	19
288	15
289	40
290	0
291	0
292	34
293	18
294	29
295	0
296	17
297	0
298	56
299	36
300	0
301	37
302	0
303	27
304	55
305	77
306	0
307	11
308	26
309	52
310	0
311	9
312	24
313	0
314	0
315	23
316	0
317	13
318	115
319	7
320	0
321	66
322	5
323	46
324	0
325	100
326	0
327	116
328	27
329	10
330	14
331	2
332	0
333	5
334	0
335	63
336	39
337	4
338	16
339	68
340	40
341	66
342	37
343	0
344	26
345	47
346	0
347	70
348	13
349	0
350	16
351	32
352	40
353	1
354	0
355	53
356	10
357	0
358	52
359	56
360	15
361	55
362	85
363	38
364	41
365	8
366	36
367	11
368	15
369	57
370	96
371	31
372	0
373	11
374	20
375	57
376	0
377	32
378	53
379	78
380	5
381	48
382	42
383	39
384	43
385	77
386	55
387	30
388	48
389	18
390	27
391	18
392	42
393	59
394	0
395	0
396	21
397	69
398	28
399	66
400	6
401	0
402	42
403	0
404	29
405	38
406	106
407	25
408	51
409	10
410	40
411	73
412	0
413	48
414	1
415	32
416	66
417	2
418	74
419	12
420	12
421	23
422	50
423	59
424	37
425	59
426	79
427	34
428	31
429	0
430	0
431	62
432	37
433	0
434	64
435	53
436	80
437	2
438	28
439	20
440	20
441	0
442	11
443	63
444	0
445	94
446	39
447	77
448	28
449	22
450	56
451	54
452	21
453	38
454	70
455	31
456	64
457	46
458	68
459	30
460	51
461	57
462	77
463	80
464	69
465	54
466	26
467	90
468	69
469	30
470	30
471	78
472	96
473	69
474	28
475	50
476	46
477	26
478	31
479	28
480	36
481	42
482	10
483	47
484	21
485	16
486	37
487	55
488	54
489	60
490	49
491	49
492	99
493	69
494	92
495	58
496	53
497	47
498	62
499	17
500	20
501	44
502	40
503	45
504	61
505	24
506	96
507	45
508	62
509	75
510	62
511	109
512	40
513	80
514	69
515	16
516	45
517	11
518	90
519	32
520	48
521	41
522	63
523	27
524	49
525	17
526	32
527	42
528	77
529	54
530	45
531	67
532	123
533	85
534	39
535	75
536	39
537	61
538	65
539	46
540	69
541	63
542	61
543	66
544	36
545	50
546	47
547	16
548	44
549	30
550	46
551	36
552	66
553	34
554	62
555	33
556	71
557	17
558	46
559	51
560	56
561	58
562	42
563	56
564	37
565	86
566	24
567	40
568	22
569	49
570	60
571	91
572	48
573	27
574	45
575	37
576	62
577	77
578	75
579	60
580	75
581	51
582	59
583	43
584	53
585	47
586	80
587	70
588	68
589	45
590	57
591	59
592	40
593	90
594	61
595	83
596	89
597	85
598	86
599	60
600	66
601	88
602	70
603	73
604	69
605	85
606	70
607	80
608	49
609	39
610	63
611	77
612	31
613	51
614	37
615	51
616	87
617	73
618	71
619	69
620	45
621	31
622	58
623	82
624	44
625	75
626	51
627	65
628	34
629	55
630	42
631	57
632	90
633	81
634	47
635	81
636	83
637	53
638	60
639	23
640	50
641	80
642	40
643	85
644	66
645	54
646	92
647	50
648	47
649	32
650	25
651	64
652	78
653	74
654	36
655	26
656	39
657	83
658	108
659	59
660	43
661	67
662	47
663	54
664	110
665	57
666	66
667	56
668	63
669	75
670	78
671	79
672	89
673	83
674	27
675	66
676	42
677	46
678	51
679	49
680	58
681	58
682	48
683	79
684	58
685	63
686	29
687	59
688	53
689	78
690	85
691	72
692	41
693	96
694	50
695	68
696	43
697	52
698	58
699	67
700	108
701	66
702	31
703	53
704	46
705	47
706	64
707	15
708	66
709	71
710	53
711	15
712	55
713	87
714	97
715	56
716	91
717	86
718	74
719	55
720	55
721	69
722	54
723	29
724	40
725	43
726	64
727	65
728	59
729	31
730	42
731	42
732	55
733	72
734	69
735	49
736	52
737	57
738	43
739	46
740	56
741	50
742	50
743	63
744	76
745	25
746	45
747	77
748	46
749	64
750	71
751	57
752	50
753	59
754	31
755	85
756	31
757	52
758	42
759	59
760	41
761	58
762	63
763	66
764	38
765	48
766	76
767	85
768	66
769	28
770	46
771	64
772	42
773	62
774	60
775	90
776	48
777	64
778	75
779	69
780	41
781	64
782	66
783	22
784	65
785	62
786	71
787	66
788	47
789	70
790	49
791	50
792	24
793	56
794	60
795	47
796	102
797	50
798	65
799	67
800	46
801	29
802	45
803	46
804	49
805	96
806	27
807	62
808	30
809	8
810	34
811	58
812	26
813	45
814	47
815	36
816	64
817	79
818	79
819	73
820	61
821	54
822	29
823	75
824	51
825	55
826	22
827	53
828	48
829	62
830	38
831	56
832	70
833	58
834	53
835	33
836	40
837	58
838	38
839	61
840	56
841	31
842	56
843	31
844	44
845	28
846	75
847	38
848	59
849	26
850	56
851	48
852	63
853	69
854	53
855	31
856	65
857	44
858	51
859	24
860	47
861	68
862	53
863	56
864	66
865	32
866	31
867	61
868	53
869	79
870	53
871	39
872	34
873	65
874	53
875	47
876	10
877	49
878	30
879	55
880	49
881	50
882	31
883	45
884	58
885	51
886	44
887	51
888	44
889	50
890	59
891	55
892	51
893	64
894	31
895	58
896	55
897	37
898	23
899	92
900	47
901	23
902	57
903	28
904	35
905	56
906	76
907	37
908	61
909	58
910	16
911	78
912	27
913	56
914	78
915	43
916	23
917	63
918	55
919	48
920	32
921	46
922	27
923	64
924	42
925	45
926	50
927	29
928	57
929	47
930	34
931	58
932	65
933	40
934	26
935	60
936	49
937	38
938	50
939	34
940	62
941	73
942	35
943	36
944	54
945	56
946	41
947	43
948	47
949	35
950	46
951	42
952	52
953	34
954	51
955	22
956	20
957	54
958	61
959	45
960	58
961	43
962	40
963	32
964	58
965	36
966	54
967	53
968	22
969	44
970	36
971	38
972	34
973	24
974	45
975	25
976	29
977	10
978	44
979	29
980	48
981	72
982	41
983	32
984	42
985	56
986	56
987	71
988	26
989	53
990	23
991	31
992	38
993	37
994	25
995	45
996	47
997	40
998	39
999	33
1000	38
1001	25
1002	33
1003	37
1004	33
1005	25
1006	21
1007	47
1008	32
1009	29
1010	48
1011	35
1012	41
1013	40
1014	30
1015	25
1016	42
1017	39
1018	48
1019	55
1020	28
1021	31
1022	59
1023	38
1024	32
1025	51
1026	59
1027	23
1028	26
1029	47
1030	19
1031	49
1032	47
1033	70
1034	39
1035	31
1036	47
1037	40
1038	40
1039	31
1040	47
1041	32
1042	25
1043	33
1044	25
1045	38
1046	61
1047	34
1048	58
1049	35
1050	35
1051	46
1052	52
1053	48
1054	66
1055	52
1056	49
1057	29
1058	36
1059	36
1060	36
1061	40
1062	47
1063	45
1064	42
1065	46
1066	37
1067	34
1068	51
1069	52
1070	59
1071	51
1072	43
1073	41
1074	47
1075	26
1076	71
1077	51
1078	44
1079	41
1080	60
1081	50
1082	34
1083	47
1084	38
1085	56
1086	43
1087	33
1088	44
1089	48
1090	56
1091	41
1092	29
1093	48
1094	54
1095	59
1096	36
1097	45
1098	70
1099	45
1100	36
1101	47
1102	42
1103	35
1104	55
1105	39
1106	18
1107	48
1108	38
1109	53
1110	49
1111	35
1112	41
1113	29
1114	38
1115	34
1116	32
1117	9
1118	37
1119	42
1120	28
1121	35
1122	18
1123	42
1124	49
1125	39
1126	45
1127	42
1128	30
1129	47
1130	47
1131	45
1132	27
1133	52
1134	22
1135	33
1136	26
1137	60
1138	56
1139	17
1140	36
1141	31
1142	15
1143	23
1144	18
1145	30
1146	45
1147	58
1148	50
1149	56
1150	34
1151	34
1152	28
1153	45
1154	55
1155	43
1156	41
1157	23
1158	28
1159	49
1160	37
1161	61
1162	49
1163	49
1164	32
1165	41
1166	64
1167	50
1168	33
1169	59
1170	54
1171	26
1172	46
1173	66
1174	59
1175	23
1176	38
1177	31
1178	40
1179	51
1180	52
1181	42
1182	30
1183	22
1184	45
1185	63
1186	41
1187	32
1188	36
1189	56
1190	32
1191	53
1192	44
1193	28
1194	36
1195	62
1196	29
1197	47
1198	36
1199	31
1200	49
1201	49
1202	39
1203	27
1204	36
1205	22
1206	32
1207	20
1208	56
1209	39
1210	38
1211	33
1212	18
1213	57
1214	29
1215	29
1216	32
1217	29
1218	9
1219	23
1220	49
1221	46
1222	58
1223	52
1224	55
1225	40
1226	37
1227	27
1228	53
1229	45
1230	44
1231	37
1232	16
1233	47
1234	16
1235	55
1236	48
1237	38
1238	21
1239	49
1240	23
1241	17
1242	24
1243	29
1244	37
1245	30
1246	49
1247	43
1248	20
1249	25
1250	10
1251	28
1252	37
1253	29
1254	47
1255	51
1256	57
1257	31
1258	22
1259	37
1260	30
1261	53
1262	54
1263	29
1264	23
1265	19
1266	57
1267	17
1268	34
1269	29
1270	41
1271	43
1272	30
1273	36
1274	38
1275	37
1276	34
1277	22
1278	33
1279	49
1280	45
1281	36
1282	49
1283	50
1284	31
1285	51
1286	42
1287	71
1288	53
1289	21
1290	49
1291	44
1292	57
1293	66
1294	44
1295	16
1296	51
1297	35
1298	39
1299	27
1300	52
1301	37
1302	36
1303	44
1304	37
1305	31
1306	35
1307	34
1308	29
1309	23
1310	32
1311	33
1312	22
1313	69
1314	62
1315	49
1316	38
1317	48
1318	46
1319	28
1320	48
1321	31
1322	27
1323	40
1324	36
1325	44
1326	34
1327	44
1328	24
1329	31
1330	19
1331	28
1332	35
1333	47
1334	37
1335	18
1336	39
1337	48
1338	47
1339	34
1340	24
1341	53
1342	51
1343	35
1344	17
1345	55
1346	24
1347	10
1348	31
1349	32
1350	10
1351	56
1352	35
1353	34
1354	37
1355	26
1356	29
1357	53
1358	54
1359	34
1360	31
1361	41
1362	27
1363	35
1364	28
1365	32
1366	36
1367	20
1368	51
1369	27
1370	28
1371	27
1372	43
1373	34
1374	33
1375	42
1376	33
1377	61
1378	32
1379	15
1380	64
1381	10
1382	33
1383	42
1384	13
1385	46
1386	30
1387	23
1388	49
1389	51
1390	52
1391	33
1392	24
1393	38
1394	41
1395	18
1396	42
1397	59
1398	38
1399	44
1400	30
1401	20
1402	40
1403	33
1404	28
1405	52
1406	39
1407	43
1408	12
1409	55
1410	44
1411	45
1412	44
1413	36
1414	39
1415	39
1416	55
1417	39
1418	36
1419	36
1420	18
1421	26
1422	19
1423	39
1424	18
1425	7
1426	24
1427	51
1428	40
1429	41
1430	17
1431	37
1432	51
1433	59
1434	34
1435	47
1436	34
1437	27
1438	31
1439	26
1440	36
1441	55
1442	39
1443	23
1444	38
1445	50
1446	38
1447	42
1448	42
1449	30
1450	20
1451	42
1452	29
1453	29
1454	26
1455	34
1456	42
1457	42
1458	22
1459	55
1460	45
1461	47
1462	30
1463	56
1464	34
1465	24
1466	22
1467	41
1468	32
1469	28
1470	44
1471	38
1472	50
1473	24
1474	34
1475	30
1476	36
1477	49
1478	32
1479	25
1480	39
1481	40
1482	33
1483	30
1484	32
1485	37
1486	35
1487	38
1488	61
1489	26
1490	43
1491	32
1492	63
1493	36
1494	52
1495	49
1496	27
1497	26
1498	50
1499	39
1500	33
1501	49
1502	20
1503	43
1504	49
1505	49
1506	34
1507	46
1508	42
1509	22
1510	50
1511	30
1512	16
1513	49
1514	33
1515	51
1516	43
1517	40
1518	37
1519	28
1520	55
1521	31
1522	25
1523	40
1524	41
1525	50
1526	53
1527	45
1528	25
1529	43
1530	38
1531	32
1532	39
1533	32
1534	25
1535	33
1536	26
1537	52
1538	48
1539	41
1540	22
1541	46
1542	31
1543	35
1544	28
1545	32
1546	49
1547	48
1548	35
1549	21
1550	45
1551	39
1552	35
1553	31
1554	48
1555	37
1556	30
1557	36
1558	20
1559	52
1560	30
1561	53
1562	43
1563	25
1564	33
1565	41
1566	14
1567	18
1568	53
1569	51
1570	32
1571	35
1572	47
1573	29
1574	55
1575	39
1576	18
1577	34
1578	35
1579	25
1580	30
1581	30
1582	40
1583	52
1584	36
1585	45
1586	28
1587	44
1588	46
1589	64
1590	48
1591	40
1592	41
1593	40
1594	38
1595	29
1596	37
1597	45
1598	36
1599	36
1600	26
1601	45
1602	31
1603	49
1604	47
1605	34
1606	47
1607	38
1608	61
1609	35
1610	60
1611	49
1612	50
1613	36
1614	46
1615	26
1616	33
1617	46
1618	50
1619	39
1620	38
1621	58
1622	46
1623	38
1624	57
1625	28
1626	34
1627	23
1628	38
1629	45
1630	44
1631	57
1632	32
1633	45
1634	45
1635	27
1636	43
1637	38
1638	43
1639	43
1640	32
1641	43
1642	28
1643	36
1644	41
1645	50
1646	17
1647	55
1648	33
1649	22
1650	35
1651	18
1652	44
1653	45
1654	36
1655	37
1656	40
1657	46
1658	35
1659	24
1660	40
1661	57
1662	37
1663	24
1664	41
1665	43
1666	47
1667	39
1668	54
1669	52
1670	33
1671	43
1672	40
1673	36
1674	30
1675	43
1676	41
1677	51
1678	50
1679	28
1680	61
1681	45
1682	34
1683	32
1684	47
1685	61
1686	36
1687	54
1688	34
1689	17
1690	53
1691	54
1692	50
1693	44
1694	29
1695	58
1696	34
1697	45
1698	33
1699	35
1700	54
1701	38
1702	65
1703	33
1704	34
1705	48
1706	23
1707	26
1708	57
1709	41
1710	44
1711	41
1712	34
1713	31
1714	38
1715	35
1716	25
1717	51
1718	39
1719	51
1720	34
1721	33
1722	35
1723	30
1724	41
1725	45
1726	37
1727	63
1728	43
1729	40
1730	60
1731	34
1732	26
1733	63
1734	34
1735	43
1736	39
1737	44
1738	29
1739	49
1740	46
1741	40
1742	35
1743	31
1744	43
1745	10
1746	32
1747	66
1748	45
1749	58
1750	46
1751	55
1752	34
1753	34
1754	49
1755	51
1756	33
1757	21
1758	51
1759	18
1760	46
1761	55
1762	29
1763	47
1764	44
1765	28
1766	46
1767	57
1768	56
1769	23
1770	18
1771	37
1772	31
1773	65
1774	32
1775	54
1776	56
1777	39
1778	36
1779	58
1780	37
1781	23
1782	32
1783	46
1784	33
1785	45
1786	36
1787	30
1788	48
1789	45
1790	49
1791	22
1792	59
1793	46
1794	56
1795	68
1796	33
1797	39
1798	52
1799	40
1800	25
1801	29
1802	53
1803	47
1804	47
1805	38
1806	37
1807	49
1808	50
1809	21
1810	42
1811	34
1812	48
1813	63
1814	40
1815	30
1816	41
1817	54
1818	46
1819	30
1820	46
1821	34
1822	51
1823	35
1824	51
1825	40
1826	46
1827	37
1828	35
1829	55
1830	29
1831	56
1832	52
1833	50
1834	46
1835	45
1836	45
1837	51
1838	55
1839	40
1840	37
1841	55
1842	53
1843	39
1844	36
1845	42
1846	35
1847	45
1848	41
1849	39
1850	36
1851	55
1852	41
1853	36
1854	41
1855	39
1856	43
1857	43
1858	34
1859	18
1860	36
1861	47
1862	49
1863	35
1864	37
1865	54
1866	41
1867	32
1868	49
1869	59
1870	36
1871	55
1872	50
1873	40
1874	53
1875	37
1876	43
1877	49
1878	56
1879	43
1880	59
1881	49
1882	44
1883	47
1884	61
1885	38
1886	40
1887	52
1888	55
1889	49
1890	44
1891	25
1892	52
1893	34
1894	50
1895	41
1896	50
1897	36
1898	46
1899	43
1900	49
1901	61
1902	44
1903	52
1904	35
1905	39
1906	46
1907	56
1908	44
1909	52
1910	44
1911	44
1912	40
1913	39
1914	48
1915	60
1916	41
1917	41
1918	50
1919	55
1920	39
1921	54
1922	40
1923	55
1924	54
1925	52
1926	55
1927	56
1928	53
1929	50
1930	47
1931	47
1932	67
1933	36
1934	49
1935	45
1936	52
1937	20
1938	37
1939	47
1940	30
1941	48
1942	60
1943	33
1944	48
1945	48
1946	48
1947	55
1948	40
1949	51
1950	61
1951	40
1952	65
1953	63
1954	48
1955	51
1956	49
1957	45
1958	47
1959	37
1960	38
1961	45
1962	60
1963	49
1964	47
1965	55
1966	43
1967	44
1968	48
1969	39
1970	38
1971	49
1972	60
1973	55
1974	48
1975	40
1976	34
1977	44
1978	49
1979	33
1980	50
1981	48
1982	54
1983	44
1984	51
1985	47
1986	53
1987	54
1988	29
1989	34
1990	61
1991	54
1992	55
1993	31
1994	60
1995	52
1996	47
1997	53
1998	40
1999	49
2000	43
2001	56
2002	44
2003	50
2004	58
2005	51
2006	66
2007	46
2008	42
2009	34
2010	57
2011	76
2012	60
2013	35
2014	47
2015	39
2016	29
2017	49
2018	60
2019	47
2020	57
2021	49
2022	35
2023	65
2024	53
2025	53
2026	76
2027	72
2028	40
2029	60
2030	57
2031	54
2032	54
2033	48
2034	47
2035	66
2036	46
2037	59
2038	55
2039	52
2040	49
2041	47
2042	37
2043	36
2044	41
2045	45
2046	42
2047	70
2048	51
2049	37
2050	33
2051	41
2052	74
2053	48
2054	24
2055	54
2056	30
2057	56
2058	33
2059	57
2060	51
2061	51
2062	48
2063	52
2064	42
2065	51
2066	48
2067	51
2068	46
2069	48
2070	51
2071	58
2072	65
2073	43
2074	44
2075	37
2076	62
2077	46
2078	45
2079	45
2080	49
2081	45
2082	52
2083	42
2084	47
2085	57
2086	49
2087	55
2088	45
2089	45
2090	41
2091	41
2092	43
2093	28
2094	41
2095	53
2096	36
2097	29
2098	47
2099	42
2100	39
2101	63
2102	48
2103	55
2104	52
2105	55
2106	48
2107	44
2108	43
2109	39
2110	36
2111	46
2112	28
2113	37
2114	34
2115	38
2116	46
2117	42
2118	49
2119	47
2120	36
2121	55
2122	32
2123	36
2124	34
2125	42
2126	46
2127	46
2128	45
2129	22
2130	50
2131	58
2132	43
2133	38
2134	28
2135	17
2136	48
2137	49
2138	33
2139	63
2140	49
2141	37
2142	38
2143	41
2144	31
2145	41
2146	42
2147	46
2148	43
2149	48
2150	33
2151	43
2152	46
2153	59
2154	51
2155	52
2156	12
2157	31
2158	41
2159	24
2160	40
2161	47
2162	43
2163	30
2164	47
2165	23
2166	5
2167	50
2168	26
2169	35
2170	37
2171	25
2172	35
2173	43
2174	34
2175	41
2176	38
2177	39
2178	48
2179	14
2180	30
2181	39
2182	62
2183	33
2184	34
2185	26
2186	23
2187	39
2188	31
2189	47
2190	30
2191	40
2192	25
2193	39
2194	23
2195	48
2196	14
2197	26
2198	31
2199	20
2200	32
2201	41
2202	6
2203	33
2204	38
2205	15
2206	31
2207	34
2208	33
2209	41
2210	23
2211	39
2212	16
2213	42
2214	52
2215	18
2216	43
2217	46
2218	31
2219	36
2220	10
2221	33
2222	34
2223	24
2224	51
2225	20
2226	31
2227	23
2228	11
2229	30
2230	20
2231	32
2232	24
2233	34
2234	47
2235	33
2236	51
2237	41
2238	24
2239	36
2240	34
2241	27
2242	18
2243	26
2244	39
2245	23
2246	33
2247	21
2248	24
2249	33
2250	42
2251	35
2252	39
2253	32
2254	27
2255	37
2256	27
2257	45
2258	30
2259	37
2260	36
2261	33
2262	26
2263	33
2264	21
2265	37
2266	37
2267	38
2268	29
2269	36
2270	34
2271	21
2272	25
2273	24
2274	34
2275	30
2276	33
2277	41
2278	16
2279	30
2280	36
2281	19
2282	28
2283	48
2284	19
2285	29
2286	29
2287	40
2288	26
2289	19
2290	40
2291	38
2292	42
2293	23
2294	24
2295	31
2296	31
2297	15
2298	37
2299	28
2300	28
2301	24
2302	32
2303	29
2304	26
2305	45
2306	28
2307	28
2308	34
2309	25
2310	30
2311	29
2312	29
2313	36
2314	29
2315	28
2316	33
2317	31
2318	44
2319	18
2320	30
2321	22
2322	31
2323	21
2324	27
2325	41
2326	34
2327	26
2328	38
2329	27
2330	33
2331	29
2332	28
2333	18
2334	37
2335	34
2336	17
2337	38
2338	29
2339	28
2340	40
2341	32
2342	38
2343	34
2344	25
2345	31
2346	34
2347	32
2348	27
2349	30
2350	29
2351	37
2352	36
2353	31
2354	35
2355	38
2356	32
2357	27
2358	33
2359	42
2360	17
2361	26
2362	37
2363	34
2364	27
2365	51
2366	22
2367	37
2368	28
2369	39
2370	22
2371	37
2372	22
2373	40
2374	22
2375	35
2376	54
2377	34
2378	30
2379	19
2380	40
2381	33
2382	37
2383	28
2384	33
2385	43
2386	28
2387	27
2388	26
2389	44
2390	21
2391	29
2392	53
2393	38
2394	33
2395	22
2396	33
2397	38
2398	32
2399	15
2400	36
2401	44
2402	27
2403	27
2404	32
2405	30
2406	37
2407	34
2408	33
2409	31
2410	23
2411	15
2412	32
2413	27
2414	34
2415	29
2416	21
2417	31
2418	35
2419	36
2420	26
2421	41
2422	28
2423	43
2424	19
2425	36
2426	33
2427	20
2428	31
2429	38
2430	43
2431	24
2432	21
2433	25
2434	43
2435	31
2436	22
2437	31
2438	37
2439	27
2440	29
2441	43
2442	33
2443	47
2444	26
2445	36
2446	20
2447	48
2448	30
2449	32
2450	45
2451	37
2452	22
2453	37
2454	22
2455	36
2456	37
2457	42
2458	44
2459	31
2460	36
2461	29
2462	32
2463	44
2464	50
2465	39
2466	39
2467	48
2468	39
2469	25
2470	51
2471	32
2472	43
2473	50
2474	34
2475	35
2476	29
2477	47
2478	47
2479	45
2480	45
2481	49
2482	44
2483	53
2484	49
2485	46
2486	54
2487	53
2488	44
2489	58
2490	57
2491	42
2492	54
2493	61
2494	45
2495	56
2496	68
2497	46
2498	35
2499	66
2500	45
2501	64
2502	60
2503	61
2504	78
2505	80
2506	55
2507	78
2508	55
2509	60
2510	74
2511	66
2512	84
2513	62
2514	78
2515	75
2516	81
2517	80
2518	81
2519	85
2520	62
2521	78
2522	78
2523	89
2524	81
2525	76
2526	88
2527	77
2528	83
2529	87
2530	102
2531	85
2532	97
2533	95
2534	110
2535	97
2536	107
2537	104
2538	107
2539	102
2540	127
2541	123
2542	96
2543	122
2544	111
2545	133
2546	132
2547	117
2548	134
2549	139
2550	122
2551	129
2552	118
2553	127
2554	136
2555	139
2556	140
2557	135
2558	144
2559	153
2560	145
2561	176
2562	136
2563	163
2564	148
2565	160
2566	146
2567	163
2568	168
2569	188
2570	172
2571	174
2572	157
2573	185
2574	180
2575	189
2576	195
2577	149
2578	198
2579	182
2580	193
2581	192
2582	222
2583	195
2584	181
2585	221
2586	199
2587	171
2588	209
2589	200
2590	207
2591	211
2592	230
2593	245
2594	212
2595	209
2596	260
2597	231
2598	250
2599	238
2600	214
2601	242
2602	226
2603	235
2604	254
2605	241
2606	207
2607	247
2608	227
2609	255
2610	228
2611	211
2612	209
2613	236
2614	248
2615	263
2616	235
2617	234
2618	236
2619	254
2620	228
2621	230
2622	248
2623	246
2624	275
2625	217
2626	235
2627	233
2628	248
2629	271
2630	241
2631	262
2632	248
2633	237
2634	233
2635	231
2636	250
2637	247
2638	259
2639	206
2640	247
2641	234
2642	257
2643	229
2644	262
2645	240
2646	219
2647	230
2648	213
2649	222
2650	252
2651	225
2652	200
2653	232
2654	231
2655	245
2656	217
2657	164
2658	199
2659	213
2660	236
2661	252
2662	222
2663	239
2664	218
2665	199
2666	192
2667	202
2668	218
2669	180
2670	186
2671	184
2672	178
2673	193
2674	188
2675	175
2676	177
2677	204
2678	179
2679	170
2680	157
2681	171
2682	142
2683	137
2684	142
2685	156
2686	164
2687	163
2688	162
2689	136
2690	128
2691	140
2692	155
2693	165
2694	163
2695	145
2696	154
2697	126
2698	130
2699	128
2700	142
2701	128
2702	148
2703	126
2704	102
2705	124
2706	133
2707	115
2708	101
2709	124
2710	110
2711	108
2712	100
2713	107
2714	119
2715	109
2716	88
2717	82
2718	70
2719	83
2720	90
2721	94
2722	85
2723	82
2724	75
2725	72
2726	81
2727	75
2728	72
2729	73
2730	58
2731	71
2732	53
2733	62
2734	62
2735	59
2736	63
2737	58
2738	71
2739	62
2740	52
2741	60
2742	43
2743	51
2744	46
2745	56
2746	56
2747	35
2748	53
2749	39
2750	52
2751	38
2752	54
2753	53
2754	50
2755	46
2756	48
2757	36
2758	35
2759	39
2760	31
2761	31
2762	25
2763	30
2764	35
2765	42
2766	31
2767	38
2768	32
2769	19
2770	27
2771	33
2772	38
2773	22
2774	32
2775	14
2776	25
2777	26
2778	37
2779	15
2780	29
2781	20
2782	8
2783	24
2784	26
2785	12
2786	31
2787	20
2788	24
2789	32
2790	19
2791	29
2792	28
2793	22
2794	17
2795	30
2796	29
2797	23
2798	24
2799	18
2800	11
2801	28
2802	19
2803	18
2804	28
2805	20
2806	23
2807	20
2808	16
2809	29
2810	22
2811	24
2812	16
2813	21
2814	19
2815	20
2816	31
2817	25
2818	40
2819	20
2820	30
2821	21
2822	31
2823	28
2824	35
2825	27
2826	35
2827	25
2828	38
2829	31
2830	33
2831	25
2832	36
2833	45
2834	45
2835	38
2836	36
2837	38
2838	40
2839	37
2840	31
2841	29
2842	28
2843	44
2844	33
2845	47
2846	34
2847	45
2848	44
2849	49
2850	34
2851	44
2852	27
2853	43
2854	33
2855	51
2856	65
2857	66
2858	50
2859	45
2860	39
2861	67
2862	61
2863	55
2864	70
2865	74
2866	73
2867	65
2868	75
2869	82
2870	68
2871	74
2872	73
2873	82
2874	66
2875	71
2876	77
2877	68
2878	85
2879	83
2880	74
2881	111
2882	86
2883	90
2884	103
2885	106
2886	76
2887	94
2888	103
2889	102
2890	117
2891	92
2892	107
2893	111
2894	110
2895	105
2896	99
2897	92
2898	95
2899	97
2900	107
2901	97
2902	117
2903	113
2904	97
2905	118
2906	114
2907	143
2908	117
2909	133
2910	129
2911	138
2912	135
2913	125
2914	110
2915	149
2916	149
2917	142
2918	140
2919	157
2920	148
2921	131
2922	141
2923	147
2924	142
2925	135
2926	124
2927	167
2928	172
2929	154
2930	157
2931	148
2932	152
2933	183
2934	168
2935	149
2936	183
2937	179
2938	175
2939	165
2940	189
2941	162
2942	175
2943	169
2944	172
2945	166
2946	193
2947	166
2948	186
2949	197
2950	183
2951	172
2952	172
2953	202
2954	183
2955	201
2956	206
2957	220
2958	203
2959	215
2960	207
2961	186
2962	189
2963	196
2964	200
2965	197
2966	208
2967	161
2968	192
2969	198
2970	189
2971	196
2972	216
2973	202
2974	194
2975	199
2976	203
2977	211
2978	189
2979	186
2980	209
2981	207
2982	220
2983	191
2984	214
2985	193
2986	212
2987	210
2988	190
2989	187
2990	191
2991	186
2992	229
2993	194
2994	185
2995	177
2996	180
2997	205
2998	185
2999	212
3000	208
3001	197
3002	198
3003	187
3004	192
3005	175
3006	186
3007	192
3008	165
3009	183
3010	180
3011	191
3012	196
3013	179
3014	198
3015	163
3016	169
3017	180
3018	156
3019	164
3020	187
3021	166
3022	135
3023	156
3024	166
3025	160
3026	170
3027	145
3028	135
3029	163
3030	149
3031	150
3032	163
3033	139
3034	135
3035	153
3036	141
3037	150
3038	122
3039	123
3040	134
3041	130
3042	136
3043	126
3044	133
3045	130
3046	124
3047	115
3048	116
3049	131
3050	85
3051	125
3052	109
3053	110
3054	84
3055	101
3056	102
3057	103
3058	116
3059	102
3060	96
3061	100
3062	89
3063	108
3064	111
3065	94
3066	79
3067	89
3068	81
3069	78
3070	87
3071	68
3072	75
3073	78
3074	76
3075	75
3076	74
3077	92
3078	73
3079	85
3080	52
3081	63
3082	54
3083	87
3084	69
3085	51
3086	62
3087	52
3088	59
3089	58
3090	60
3091	50
3092	44
3093	47
3094	64
3095	57
3096	56
3097	54
3098	32
3099	34
3100	36
3101	58
3102	44
3103	31
3104	60
3105	42
3106	43
3107	24
3108	41
3109	39
3110	32
3111	35
3112	39
3113	32
3114	31
3115	30
3116	30
3117	32
3118	27
3119	47
3120	24
3121	21
3122	33
3123	28
3124	10
3125	34
3126	27
3127	22
3128	18
3129	20
3130	29
3131	22
3132	40
3133	22
3134	11
3135	17
3136	23
3137	15
3138	19
3139	25
3140	19
3141	20
3142	19
3143	20
3144	23
3145	19
3146	0
3147	1
3148	17
3149	24
3150	2
3151	38
3152	5
3153	4
3154	14
3155	15
3156	12
3157	3
3158	4
3159	11
3160	0
3161	0
3162	5
3163	0
3164	1
3165	16
3166	7
3167	31
3168	16
3169	14
3170	20
3171	13
3172	6
3173	0
3174	14
3175	4
3176	22
3177	0
3178	0
3179	5
3180	11
3181	18
3182	11
3183	19
3184	0
3185	16
3186	0
3187	0
3188	10
3189	9
3190	0
3191	10
3192	5
3193	10
3194	6
3195	10
3196	5
3197	9
3198	0
3199	6
3200	7
3201	0
3202	22
3203	0
3204	7
3205	0
3206	6
3207	0
3208	0
3209	0
3210	0
3211	16
3212	16
3213	10
3214	24
3215	1
3216	4
3217	7
3218	8
3219	5
3220	4
3221	6
3222	23
3223	0
3224	7
3225	0
3226	0
3227	8
3228	6
3229	4
3230	0
3231	3
3232	0
3233	4
3234	0
3235	1
3236	13
3237	0
3238	3
3239	0
3240	7
3241	8
3242	0
3243	12
3244	0
3245	0
3246	0
3247	2
3248	6
3249	6
3250	4
3251	10
3252	0
3253	1
3254	23
3255	0
3256	6
3257	11
3258	6
3259	10
3260	18
3261	5
3262	0
3263	0
3264	0
3265	0
3266	8
3267	0
3268	0
3269	9
3270	0
3271	22
3272	0
3273	0
3274	0
3275	0
3276	0
3277	0
3278	9
3279	0
3280	1
3281	0
3282	0
3283	3
3284	0
3285	7
3286	2
3287	5
3288	0
3289	0
3290	0
3291	0
3292	8
3293	3
3294	0
3295	0
3296	4
3297	2
3298	1
3299	0
3300	0
3301	10
3302	0
3303	0
3304	5
3305	8
3306	0
3307	0
3308	0
3309	3
3310	4
3311	0
3312	7
3313	0
3314	6
3315	0
3316	0
3317	9
3318	0
3319	2
3320	0
3321	13
3322	3
3323	0
3324	18
3325	11
3326	0
3327	0
3328	0
3329	3
3330	2
3331	0
3332	0
3333	3
3334	0
3335	0
3336	0
3337	11
3338	9
3339	6
3340	9
3341	0
3342	5
3343	0
3344	2
3345	3
3346	0
3347	0
3348	0
3349	0
3350	0
3351	13
3352	0
3353	1
3354	7
3355	3
3356	2
3357	0
3358	14
3359	0
3360	0
3361	0
3362	6
3363	8
3364	3
3365	0
3366	6
3367	1
3368	6
3369	14
3370	5
3371	13
3372	0
3373	6
3374	3
3375	0
3376	0
3377	1
3378	2
3379	0
3380	0
3381	13
3382	5
3383	10
3384	2
3385	4
3386	0
3387	10
3388	0
3389	1
3390	2
3391	8
3392	3
3393	4
3394	11
3395	4
3396	0
3397	1
3398	0
3399	0
3400	9
3401	5
3402	7
3403	7
3404	8
3405	1
3406	2
3407	0
3408	0
3409	5
3410	6
3411	0
3412	5
3413	0
3414	0
3415	3
3416	1
3417	1
3418	0
3419	4
3420	1
3421	4
3422	3
3423	11
3424	0
3425	7
3426	0
3427	2
3428	2
3429	0
3430	0
3431	0
3432	4
3433	2
3434	8
3435	2
3436	5
3437	3
3438	0
3439	2
3440	5
3441	11
3442	3
3443	0
3444	5
3445	3
3446	3
3447	2
3448	9
3449	9
3450	4
3451	4
3452	0
3453	4
3454	2
3455	0
3456	1
3457	5
3458	3
3459	3
3460	3
3461	4
3462	1
3463	0
3464	1
3465	8
3466	0
3467	0
3468	1
3469	0
3470	7
3471	2
3472	2
3473	2
3474	5
3475	4
3476	0
3477	0
3478	3
3479	5
3480	3
3481	3
3482	3
3483	0
3484	8
3485	3
3486	7
3487	4
3488	3
3489	7
3490	4
3491	2
3492	0
3493	3
3494	1
3495	8
3496	5
3497	9
3498	15
3499	4
3500	3
3501	5
3502	3
3503	2
3504	0
3505	4
3506	0
3507	8
3508	4
3509	9
3510	4
3511	0
3512	4
3513	7
3514	0
3515	8
3516	0
3517	0
3518	4
3519	4
3520	1
3521	0
3522	4
3523	6
3524	0
3525	2
3526	0
3527	1
3528	0
3529	0
3530	1
3531	2
3532	1
3533	4
3534	0
3535	1
3536	3
3537	4
3538	2
3539	0
3540	2
3541	5
3542	3
3543	3
3544	0
3545	1
3546	9
3547	5
3548	4
3549	2
3550	0
3551	3
3552	1
3553	10
3554	2
3555	0
3556	6
3557	2
3558	6
3559	7
3560	6
3561	3
3562	1
3563	2
3564	4
3565	2
3566	0
3567	0
3568	0
3569	4
3570	2
3571	3
3572	6
3573	3
3574	5
3575	5
3576	6
3577	0
3578	4
3579	7
3580	0
3581	5
3582	1
3583	0
3584	0
3585	7
3586	0
3587	1
3588	4
3589	6
3590	4
3591	2
3592	1
3593	2
3594	0
3595	3
3596	2
3597	0
3598	1
3599	0
3600	1
3601	0
3602	12
3603	0
3604	8
3605	1
3606	2
3607	0
3608	1
3609	5
3610	6
3611	7
3612	6
3613	8
3614	3
3615	0
3616	0
3617	1
3618	0
3619	1
3620	2
3621	13
3622	6
3623	4
3624	0
3625	2
3626	2
3627	4
3628	0
3629	4
3630	5
3631	1
3632	8
3633	5
3634	6
3635	0
3636	0
3637	0
3638	4
3639	0
3640	2
3641	6
3642	4
3643	2
3644	3
3645	2
3646	0
3647	0
3648	7
3649	2
3650	2
3651	2
3652	5
3653	6
3654	3
3655	3
3656	0
3657	7
3658	0
3659	6
3660	0
3661	1
3662	1
3663	6
3664	0
3665	0
3666	0
3667	5
3668	7
3669	0
3670	1
3671	2
3672	4
3673	3
3674	9
3675	0
3676	0
3677	0
3678	0
3679	5
3680	3
3681	1
3682	8
3683	3
3684	0
3685	0
3686	4
3687	8
3688	7
3689	0
3690	1
3691	6
3692	8
3693	0
3694	7
3695	3
3696	0
3697	3
3698	5
3699	0
3700	0
3701	8
3702	1
3703	2
3704	0
3705	11
3706	2
3707	0
3708	5
3709	0
3710	4
3711	7
3712	0
3713	0
3714	0
3715	3
3716	5
3717	3
3718	6
3719	1
3720	1
3721	3
3722	2
3723	0
3724	2
3725	5
3726	11
3727	0
3728	8
3729	4
3730	0
3731	0
3732	1
3733	1
3734	6
3735	0
3736	0
3737	3
3738	0
3739	1
3740	0
3741	4
3742	5
3743	1
3744	0
3745	2
3746	6
3747	4
3748	7
3749	5
3750	0
3751	4
3752	4
3753	0
3754	1
3755	0
3756	6
3757	2
3758	2
3759	0
3760	9
3761	5
3762	6
3763	2
3764	5
3765	4
3766	4
3767	3
3768	1
3769	2
3770	2
3771	0
3772	5
3773	4
3774	2
3775	2
3776	4
3777	7
3778	2
3779	5
3780	4
3781	3
3782	2
3783	2
3784	3
3785	2
3786	6
3787	1
3788	6
3789	2
3790	3
3791	2
3792	7
3793	2
3794	2
3795	9
3796	5
3797	1
3798	4
3799	3
3800	5
3801	5
3802	5
3803	6
3804	2
3805	3
3806	4
3807	5
3808	5
3809	5
3810	9
3811	0
3812	0
3813	1
3814	3
3815	7
3816	0
3817	2
3818	0
3819	1
3820	4
3821	4
3822	0
3823	4
3824	2
3825	10
3826	0
3827	0
3828	4
3829	0
3830	2
3831	0
3832	3
3833	1
3834	0
3835	0
3836	1
3837	1
3838	0
3839	0
3840	0
3841	4
3842	3
3843	6
3844	4
3845	6
3846	3
3847	5
3848	5
3849	2
3850	3
3851	1
3852	0
3853	0
3854	2
3855	1
3856	2
3857	5
3858	0
3859	6
3860	0
3861	1
3862	4
3863	0
3864	1
3865	5
3866	6
3867	0
3868	3
3869	0
3870	2
3871	3
3872	5
3873	0
3874	10
3875	4
3876	0
3877	0
3878	5
3879	7
3880	5
3881	0
3882	1
3883	0
3884	7
3885	0
3886	0
3887	1
3888	2
3889	2
3890	3
3891	2
3892	6
3893	0
3894	6
3895	0
3896	9
3897	1
3898	2
3899	4
3900	0
3901	0
3902	0
3903	0
3904	3
3905	3
3906	0
3907	5
3908	0
3909	10
3910	0
3911	0
3912	2
3913	1
3914	0
3915	0
3916	8
3917	2
3918	3
3919	0
3920	1
3921	0
3922	0
3923	0
3924	0
3925	2
3926	0
3927	6
3928	7
3929	3
3930	1
3931	0
3932	2
3933	0
3934	4
3935	4
3936	0
3937	6
3938	3
3939	0
3940	0
3941	4
3942	10
3943	8
3944	6
3945	6
3946	5
3947	1
3948	3
3949	6
3950	0
3951	3
3952	0
3953	2
3954	1
3955	0
3956	2
3957	4
3958	0
3959	0
3960	0
3961	4
3962	2
3963	3
3964	1
3965	3
3966	3
3967	2
3968	2
3969	1
3970	4
3971	0
3972	0
3973	1
3974	0
3975	2
3976	3
3977	5
3978	0
3979	3
3980	0
3981	1
3982	4
3983	4
3984	0
3985	0
3986	2
3987	4
3988	1
3989	1
3990	0
3991	1
3992	0
3993	4
3994	0
3995	1
3996	6
3997	0
3998	1
3999	0
4000	0
4001	4
4002	3
4003	1
4004	4
4005	0
4006	0
4007	0
4008	0
4009	4
4010	0
4011	0
4012	0
4013	2
4014	3
4015	7
4016	0
4017	1
4018	0
4019	0
4020	1
4021	1
4022	0
4023	5
4024	0
4025	0
4026	9
4027	5
4028	5
4029	0
4030	1
4031	1
4032	4
4033	3
4034	4
4035	0
4036	0
4037	1
4038	0
4039	4
4040	3
4041	0
4042	6
4043	0
4044	0
4045	0
4046	0
4047	2
4048	2
4049	0
4050	2
4051	2
4052	5
4053	0
4054	3
4055	3
4056	1
4057	4
4058	7
4059	2
4060	7
4061	0
4062	2
4063	6
4064	6
4065	0
4066	1
4067	0
4068	2
4069	1
4070	0
4071	0
4072	3
4073	2
4074	6
4075	0
4076	0
4077	1
4078	0
4079	0
4080	1
4081	0
4082	9
4083	0
4084	4
4085	2
4086	3
4087	3
4088	0
4089	0
4090	0
4091	0
4092	1
4093	0
4094	0
4095	0
