Channel	Net_Counts
0	0
1	0
1	0
2	0
3	0
4	0
5	0
6	0
7	0
8	0
9	0
10	0
11	0
12	0
13	0
14	0
15	0
16	0
17	0
18	0
19	0
20	0
21	0
22	0
23	0
24	0
25	0
26	0
27	0
28	0
29	0
30	0
31	0
32	0
33	0
34	0
35	0
36	0
37	0
38	0
39	0
40	0
41	0
42	0
43	0
44	0
45	1
46	0
47	0
48	0
49	0
50	0
51	0
52	1
53	0
54	0
55	0
56	1
57	1
58	0
59	0
60	0
61	0
62	1
63	1
64	0
65	0
66	0
67	0
68	0
69	1
70	1
71	0
72	0
73	0
74	0
75	0
76	0
77	0
78	0
79	1
80	0
81	2
82	1
83	0
84	1
85	2
86	0
87	2
88	2
89	0
90	0
91	3
92	1
93	1
94	1
95	0
96	0
97	0
98	0
99	1
100	0
101	1
102	0
103	0
104	0
105	1
106	0
107	0
108	1
109	1
110	3
111	1
112	1
113	0
114	1
115	1
116	0
117	0
118	0
119	1
120	0
121	1
122	0
123	1
124	1
125	1
126	0
127	0
128	0
129	0
130	0
131	2
132	0
133	0
134	2
135	1
136	1
137	6
138	27
139	0
140	9
141	1
142	0
143	0
144	0
145	0
146	16
147	0
148	0
149	0
150	0
151	42
152	0
153	16
154	0
155	40
156	0
157	0
158	0
159	0
160	118
161	100
162	55
163	0
164	8
165	0
166	31
167	1
168	79
169	19
170	100
171	0
172	41
173	57
174	89
175	0
176	33
177	0
178	0
179	0
180	1
181	29
182	2
183	26
184	32
185	0
186	0
187	25
188	14
189	18
190	28
191	9
192	14
193	0
194	79
195	0
196	0
197	0
198	0
199	0
200	14
201	0
202	0
203	0
204	35
205	36
206	12
207	0
208	0
209	0
210	35
211	0
212	0
213	0
214	15
215	0
216	0
217	12
218	0
219	0
220	0
221	27
222	0
223	22
224	0
225	0
226	0
227	25
228	0
229	47
230	0
231	0
232	0
233	1
234	0
235	0
236	0
237	0
238	0
239	0
240	0
241	10
242	0
243	16
244	0
245	0
246	6
247	3
248	0
249	0
250	0
251	0
252	4
253	0
254	0
255	0
256	26
257	7
258	0
259	24
260	0
261	0
262	23
263	15
264	0
265	0
266	0
267	0
268	0
269	0
270	0
271	25
272	0
273	0
274	26
275	4
276	0
277	5
278	7
279	0
280	0
281	0
282	0
283	0
284	0
285	0
286	0
287	2
288	0
289	0
290	0
291	0
292	0
293	7
294	0
295	7
296	13
297	0
298	16
299	0
300	0
301	1
302	0
303	71
304	21
305	0
306	0
307	0
308	0
309	0
310	0
311	0
312	17
313	0
314	0
315	28
316	0
317	0
318	58
319	76
320	0
321	0
322	0
323	41
324	0
325	46
326	0
327	12
328	0
329	0
330	2
331	0
332	0
333	11
334	5
335	26
336	6
337	7
338	52
339	0
340	0
341	0
342	0
343	0
344	20
345	39
346	0
347	0
348	0
349	9
350	34
351	0
352	5
353	0
354	0
355	0
356	1
357	0
358	7
359	26
360	5
361	0
362	42
363	4
364	0
365	13
366	11
367	2
368	41
369	0
370	12
371	0
372	0
373	0
374	0
375	32
376	15
377	12
378	4
379	41
380	9
381	0
382	20
383	4
384	22
385	0
386	0
387	0
388	0
389	5
390	0
391	0
392	0
393	16
394	9
395	0
396	0
397	0
398	0
399	33
400	0
401	28
402	47
403	0
404	18
405	0
406	42
407	24
408	0
409	0
410	15
411	0
412	0
413	2
414	13
415	29
416	10
417	0
418	0
419	0
420	19
421	0
422	24
423	54
424	0
425	37
426	30
427	6
428	0
429	0
430	0
431	68
432	19
433	23
434	53
435	27
436	14
437	5
438	1
439	0
440	5
441	38
442	14
443	29
444	2
445	44
446	39
447	38
448	0
449	11
450	0
451	45
452	0
453	55
454	32
455	0
456	29
457	2
458	12
459	34
460	0
461	20
462	23
463	0
464	0
465	11
466	35
467	46
468	31
469	31
470	32
471	0
472	43
473	25
474	19
475	33
476	0
477	24
478	14
479	0
480	14
481	0
482	36
483	53
484	52
485	21
486	36
487	0
488	35
489	18
490	0
491	22
492	18
493	33
494	15
495	36
496	27
497	0
498	0
499	48
500	0
501	7
502	24
503	0
504	17
505	22
506	23
507	26
508	24
509	38
510	13
511	39
512	27
513	0
514	35
515	17
516	0
517	4
518	44
519	18
520	0
521	0
522	21
523	0
524	30
525	23
526	15
527	35
528	38
529	0
530	4
531	59
532	20
533	28
534	25
535	0
536	12
537	7
538	27
539	11
540	54
541	41
542	12
543	0
544	12
545	33
546	18
547	4
548	58
549	69
550	1
551	0
552	14
553	33
554	0
555	20
556	42
557	16
558	31
559	26
560	0
561	12
562	0
563	0
564	13
565	27
566	16
567	54
568	0
569	13
570	29
571	12
572	51
573	5
574	31
575	21
576	0
577	46
578	2
579	20
580	0
581	28
582	46
583	20
584	0
585	11
586	10
587	40
588	0
589	0
590	17
591	38
592	41
593	46
594	24
595	37
596	10
597	0
598	67
599	34
600	19
601	19
602	20
603	19
604	49
605	0
606	62
607	25
608	42
609	39
610	6
611	17
612	3
613	53
614	11
615	32
616	0
617	20
618	25
619	30
620	0
621	2
622	14
623	44
624	0
625	32
626	17
627	0
628	0
629	16
630	17
631	21
632	52
633	44
634	18
635	24
636	11
637	39
638	20
639	16
640	1
641	24
642	0
643	33
644	10
645	0
646	25
647	6
648	15
649	24
650	5
651	22
652	11
653	39
654	18
655	5
656	24
657	16
658	16
659	44
660	13
661	16
662	40
663	21
664	56
665	0
666	35
667	0
668	21
669	20
670	16
671	26
672	21
673	60
674	8
675	42
676	0
677	3
678	44
679	0
680	31
681	34
682	37
683	19
684	6
685	24
686	3
687	12
688	18
689	19
690	27
691	14
692	29
693	27
694	40
695	12
696	9
697	0
698	0
699	20
700	3
701	21
702	8
703	30
704	0
705	24
706	3
707	31
708	6
709	10
710	0
711	37
712	55
713	22
714	19
715	27
716	26
717	13
718	18
719	15
720	0
721	20
722	42
723	32
724	28
725	8
726	17
727	9
728	15
729	2
730	17
731	24
732	7
733	13
734	20
735	26
736	26
737	18
738	12
739	0
740	20
741	19
742	7
743	14
744	18
745	4
746	7
747	28
748	0
749	20
750	43
751	1
752	14
753	0
754	22
755	7
756	0
757	8
758	5
759	31
760	20
761	11
762	26
763	0
764	18
765	0
766	20
767	24
768	10
769	14
770	7
771	0
772	10
773	35
774	32
775	37
776	14
777	3
778	27
779	6
780	4
781	39
782	12
783	14
784	57
785	20
786	25
787	12
788	9
789	27
790	7
791	14
792	23
793	14
794	0
795	7
796	9
797	44
798	25
799	9
800	0
801	0
802	42
803	39
804	2
805	29
806	35
807	54
808	0
809	0
810	31
811	11
812	0
813	5
814	44
815	0
816	6
817	28
818	45
819	7
820	52
821	36
822	22
823	31
824	0
825	17
826	24
827	11
828	38
829	11
830	22
831	16
832	4
833	18
834	6
835	30
836	21
837	29
838	33
839	22
840	13
841	27
842	28
843	20
844	13
845	17
846	23
847	10
848	13
849	0
850	26
851	24
852	1
853	28
854	18
855	6
856	19
857	21
858	35
859	18
860	0
861	30
862	26
863	25
864	26
865	8
866	25
867	3
868	27
869	24
870	0
871	24
872	4
873	39
874	0
875	23
876	0
877	4
878	24
879	19
880	0
881	20
882	14
883	39
884	25
885	21
886	24
887	11
888	18
889	25
890	25
891	0
892	17
893	9
894	52
895	33
896	13
897	6
898	18
899	28
900	29
901	27
902	31
903	20
904	7
905	15
906	44
907	2
908	7
909	42
910	23
911	17
912	1
913	17
914	45
915	20
916	1
917	0
918	34
919	13
920	9
921	25
922	9
923	10
924	33
925	12
926	26
927	29
928	23
929	21
930	13
931	28
932	26
933	9
934	13
935	28
936	16
937	26
938	25
939	13
940	34
941	12
942	18
943	4
944	14
945	32
946	49
947	5
948	17
949	13
950	6
951	33
952	29
953	8
954	43
955	50
956	21
957	33
958	35
959	14
960	14
961	34
962	13
963	30
964	4
965	15
966	15
967	17
968	4
969	16
970	34
971	24
972	18
973	5
974	29
975	11
976	30
977	0
978	34
979	19
980	27
981	37
982	18
983	20
984	12
985	26
986	32
987	48
988	25
989	28
990	0
991	17
992	29
993	20
994	25
995	11
996	16
997	10
998	38
999	24
1000	26
1001	31
1002	33
1003	9
1004	18
1005	13
1006	32
1007	7
1008	3
1009	8
1010	32
1011	33
1012	0
1013	33
1014	24
1015	18
1016	13
1017	3
1018	36
1019	15
1020	23
1021	21
1022	25
1023	20
1024	21
1025	11
1026	21
1027	24
1028	15
1029	38
1030	16
1031	26
1032	6
1033	47
1034	26
1035	11
1036	19
1037	27
1038	23
1039	8
1040	20
1041	15
1042	16
1043	8
1044	23
1045	27
1046	28
1047	29
1048	12
1049	18
1050	7
1051	16
1052	14
1053	3
1054	5
1055	28
1056	45
1057	3
1058	28
1059	2
1060	12
1061	27
1062	21
1063	11
1064	23
1065	16
1066	13
1067	25
1068	26
1069	23
1070	23
1071	20
1072	13
1073	3
1074	21
1075	3
1076	10
1077	17
1078	0
1079	11
1080	15
1081	12
1082	0
1083	21
1084	12
1085	10
1086	0
1087	16
1088	23
1089	12
1090	16
1091	24
1092	16
1093	14
1094	10
1095	18
1096	10
1097	27
1098	0
1099	10
1100	0
1101	22
1102	0
1103	2
1104	0
1105	12
1106	0
1107	18
1108	0
1109	0
1110	0
1111	0
1112	6
1113	0
1114	12
1115	0
1116	6
1117	5
1118	24
1119	22
1120	0
1121	4
1122	0
1123	9
1124	12
1125	0
1126	9
1127	11
1128	0
1129	18
1130	29
1131	12
1132	20
1133	8
1134	0
1135	5
1136	0
1137	13
1138	17
1139	0
1140	4
1141	0
1142	6
1143	0
1144	0
1145	0
1146	8
1147	0
1148	9
1149	0
1150	1
1151	0
1152	0
1153	16
1154	13
1155	2
1156	6
1157	0
1158	0
1159	6
1160	0
1161	8
1162	0
1163	12
1164	10
1165	20
1166	16
1167	7
1168	15
1169	0
1170	0
1171	8
1172	2
1173	22
1174	18
1175	2
1176	10
1177	0
1178	4
1179	8
1180	31
1181	0
1182	0
1183	0
1184	2
1185	12
1186	14
1187	7
1188	32
1189	18
1190	10
1191	10
1192	3
1193	7
1194	0
1195	7
1196	0
1197	22
1198	10
1199	1
1200	20
1201	17
1202	0
1203	0
1204	0
1205	0
1206	12
1207	0
1208	15
1209	5
1210	0
1211	0
1212	0
1213	0
1214	1
1215	13
1216	1
1217	0
1218	0
1219	1
1220	0
1221	19
1222	12
1223	0
1224	8
1225	0
1226	4
1227	0
1228	9
1229	4
1230	1
1231	0
1232	5
1233	8
1234	0
1235	7
1236	5
1237	10
1238	0
1239	0
1240	0
1241	8
1242	0
1243	20
1244	0
1245	9
1246	14
1247	27
1248	0
1249	8
1250	0
1251	2
1252	9
1253	0
1254	2
1255	0
1256	11
1257	0
1258	0
1259	0
1260	12
1261	18
1262	11
1263	14
1264	0
1265	7
1266	6
1267	3
1268	0
1269	0
1270	0
1271	10
1272	3
1273	18
1274	5
1275	9
1276	13
1277	0
1278	6
1279	0
1280	11
1281	0
1282	21
1283	21
1284	0
1285	26
1286	4
1287	6
1288	5
1289	0
1290	0
1291	0
1292	11
1293	0
1294	2
1295	0
1296	10
1297	0
1298	0
1299	0
1300	4
1301	0
1302	0
1303	29
1304	12
1305	0
1306	7
1307	16
1308	0
1309	0
1310	0
1311	0
1312	8
1313	11
1314	0
1315	0
1316	0
1317	1
1318	12
1319	0
1320	26
1321	12
1322	3
1323	0
1324	0
1325	0
1326	23
1327	0
1328	3
1329	4
1330	8
1331	0
1332	8
1333	4
1334	9
1335	0
1336	6
1337	0
1338	0
1339	7
1340	1
1341	0
1342	11
1343	7
1344	15
1345	0
1346	0
1347	0
1348	0
1349	0
1350	0
1351	9
1352	6
1353	4
1354	0
1355	0
1356	0
1357	37
1358	12
1359	0
1360	3
1361	2
1362	1
1363	0
1364	2
1365	0
1366	0
1367	16
1368	0
1369	0
1370	6
1371	29
1372	26
1373	0
1374	0
1375	0
1376	20
1377	9
1378	18
1379	1
1380	24
1381	18
1382	8
1383	26
1384	4
1385	0
1386	11
1387	14
1388	17
1389	21
1390	4
1391	3
1392	0
1393	30
1394	7
1395	21
1396	9
1397	40
1398	18
1399	40
1400	11
1401	13
1402	21
1403	20
1404	10
1405	28
1406	38
1407	39
1408	32
1409	43
1410	30
1411	33
1412	38
1413	48
1414	43
1415	44
1416	32
1417	33
1418	30
1419	73
1420	61
1421	38
1422	47
1423	66
1424	52
1425	38
1426	53
1427	59
1428	72
1429	77
1430	63
1431	58
1432	57
1433	88
1434	75
1435	85
1436	86
1437	91
1438	75
1439	102
1440	90
1441	109
1442	129
1443	114
1444	103
1445	118
1446	105
1447	107
1448	98
1449	124
1450	116
1451	142
1452	150
1453	146
1454	129
1455	130
1456	155
1457	150
1458	154
1459	131
1460	140
1461	173
1462	174
1463	168
1464	208
1465	177
1466	179
1467	174
1468	189
1469	172
1470	205
1471	213
1472	209
1473	175
1474	212
1475	232
1476	184
1477	218
1478	222
1479	245
1480	222
1481	242
1482	231
1483	260
1484	246
1485	265
1486	252
1487	278
1488	269
1489	227
1490	280
1491	281
1492	263
1493	260
1494	284
1495	234
1496	284
1497	296
1498	261
1499	278
1500	270
1501	277
1502	259
1503	278
1504	280
1505	319
1506	264
1507	319
1508	311
1509	294
1510	286
1511	292
1512	265
1513	286
1514	279
1515	307
1516	284
1517	333
1518	270
1519	290
1520	293
1521	289
1522	277
1523	312
1524	263
1525	263
1526	263
1527	243
1528	266
1529	258
1530	259
1531	281
1532	256
1533	260
1534	227
1535	242
1536	264
1537	253
1538	261
1539	218
1540	235
1541	230
1542	247
1543	214
1544	216
1545	212
1546	215
1547	263
1548	226
1549	180
1550	185
1551	179
1552	194
1553	164
1554	185
1555	172
1556	154
1557	195
1558	163
1559	157
1560	142
1561	144
1562	151
1563	132
1564	129
1565	136
1566	136
1567	96
1568	123
1569	115
1570	121
1571	102
1572	122
1573	133
1574	108
1575	102
1576	75
1577	99
1578	93
1579	107
1580	87
1581	78
1582	65
1583	78
1584	78
1585	92
1586	81
1587	82
1588	70
1589	65
1590	40
1591	40
1592	49
1593	33
1594	62
1595	26
1596	36
1597	30
1598	48
1599	43
1600	46
1601	33
1602	24
1603	26
1604	41
1605	36
1606	25
1607	24
1608	27
1609	23
1610	26
1611	28
1612	25
1613	12
1614	22
1615	13
1616	35
1617	12
1618	10
1619	9
1620	11
1621	25
1622	1
1623	6
1624	0
1625	18
1626	0
1627	18
1628	0
1629	0
1630	2
1631	10
1632	0
1633	12
1634	10
1635	13
1636	2
1637	15
1638	14
1639	3
1640	2
1641	9
1642	4
1643	10
1644	0
1645	9
1646	0
1647	8
1648	0
1649	4
1650	0
1651	0
1652	0
1653	0
1654	3
1655	5
1656	7
1657	16
1658	2
1659	3
1660	0
1661	7
1662	0
1663	0
1664	2
1665	1
1666	0
1667	6
1668	15
1669	1
1670	2
1671	0
1672	3
1673	0
1674	0
1675	1
1676	0
1677	12
1678	0
1679	0
1680	0
1681	0
1682	0
1683	0
1684	3
1685	16
1686	0
1687	4
1688	5
1689	0
1690	0
1691	0
1692	10
1693	18
1694	1
1695	4
1696	6
1697	0
1698	2
1699	0
1700	7
1701	4
1702	1
1703	0
1704	5
1705	2
1706	0
1707	0
1708	0
1709	2
1710	0
1711	12
1712	0
1713	0
1714	0
1715	0
1716	0
1717	3
1718	3
1719	0
1720	0
1721	0
1722	0
1723	2
1724	11
1725	3
1726	0
1727	1
1728	0
1729	3
1730	13
1731	10
1732	1
1733	10
1734	0
1735	0
1736	4
1737	0
1738	3
1739	3
1740	6
1741	11
1742	0
1743	0
1744	0
1745	0
1746	23
1747	10
1748	0
1749	11
1750	4
1751	0
1752	0
1753	11
1754	15
1755	0
1756	1
1757	0
1758	1
1759	0
1760	0
1761	4
1762	7
1763	10
1764	0
1765	0
1766	8
1767	0
1768	0
1769	0
1770	0
1771	0
1772	0
1773	5
1774	7
1775	9
1776	0
1777	0
1778	8
1779	15
1780	0
1781	5
1782	0
1783	12
1784	0
1785	0
1786	0
1787	3
1788	6
1789	8
1790	3
1791	0
1792	0
1793	7
1794	3
1795	13
1796	0
1797	0
1798	2
1799	0
1800	0
1801	0
1802	0
1803	0
1804	0
1805	5
1806	7
1807	1
1808	7
1809	0
1810	1
1811	0
1812	0
1813	10
1814	0
1815	0
1816	0
1817	12
1818	3
1819	0
1820	0
1821	0
1822	3
1823	3
1824	10
1825	0
1826	5
1827	0
1828	0
1829	11
1830	0
1831	14
1832	6
1833	0
1834	7
1835	13
1836	0
1837	7
1838	5
1839	0
1840	0
1841	4
1842	0
1843	0
1844	10
1845	0
1846	1
1847	10
1848	0
1849	0
1850	5
1851	2
1852	3
1853	0
1854	3
1855	0
1856	1
1857	0
1858	0
1859	0
1860	0
1861	0
1862	3
1863	4
1864	0
1865	0
1866	0
1867	0
1868	0
1869	0
1870	1
1871	7
1872	4
1873	0
1874	10
1875	0
1876	0
1877	6
1878	0
1879	0
1880	3
1881	0
1882	0
1883	0
1884	14
1885	3
1886	0
1887	3
1888	8
1889	0
1890	7
1891	0
1892	12
1893	0
1894	0
1895	1
1896	0
1897	4
1898	0
1899	0
1900	4
1901	0
1902	1
1903	0
1904	0
1905	0
1906	1
1907	2
1908	0
1909	0
1910	0
1911	4
1912	0
1913	5
1914	0
1915	0
1916	1
1917	0
1918	0
1919	0
1920	0
1921	6
1922	0
1923	1
1924	6
1925	0
1926	13
1927	0
1928	0
1929	0
1930	0
1931	1
1932	3
1933	0
1934	6
1935	0
1936	18
1937	0
1938	1
1939	13
1940	0
1941	0
1942	9
1943	12
1944	0
1945	0
1946	5
1947	2
1948	0
1949	10
1950	0
1951	0
1952	5
1953	7
1954	13
1955	0
1956	0
1957	7
1958	1
1959	5
1960	0
1961	6
1962	6
1963	0
1964	2
1965	0
1966	0
1967	0
1968	0
1969	0
1970	0
1971	3
1972	1
1973	7
1974	0
1975	0
1976	0
1977	14
1978	0
1979	0
1980	0
1981	0
1982	4
1983	0
1984	0
1985	4
1986	0
1987	0
1988	4
1989	0
1990	2
1991	0
1992	0
1993	0
1994	0
1995	6
1996	3
1997	0
1998	0
1999	2
2000	0
2001	0
2002	0
2003	1
2004	2
2005	0
2006	12
2007	0
2008	0
2009	0
2010	0
2011	9
2012	7
2013	0
2014	0
2015	0
2016	0
2017	0
2018	10
2019	0
2020	18
2021	7
2022	10
2023	10
2024	0
2025	10
2026	0
2027	6
2028	0
2029	0
2030	0
2031	0
2032	0
2033	0
2034	1
2035	8
2036	19
2037	9
2038	18
2039	0
2040	4
2041	0
2042	4
2043	0
2044	0
2045	7
2046	0
2047	9
2048	9
2049	0
2050	0
2051	0
2052	5
2053	10
2054	0
2055	5
2056	0
2057	14
2058	0
2059	6
2060	0
2061	0
2062	0
2063	9
2064	1
2065	5
2066	13
2067	5
2068	0
2069	0
2070	11
2071	0
2072	0
2073	0
2074	0
2075	0
2076	0
2077	0
2078	4
2079	0
2080	0
2081	0
2082	0
2083	0
2084	0
2085	8
2086	13
2087	0
2088	0
2089	0
2090	6
2091	1
2092	0
2093	7
2094	2
2095	0
2096	0
2097	7
2098	0
2099	0
2100	4
2101	0
2102	0
2103	4
2104	8
2105	6
2106	0
2107	0
2108	0
2109	5
2110	0
2111	0
2112	0
2113	0
2114	4
2115	5
2116	8
2117	17
2118	6
2119	1
2120	0
2121	5
2122	0
2123	10
2124	4
2125	8
2126	0
2127	0
2128	0
2129	0
2130	6
2131	13
2132	2
2133	0
2134	0
2135	0
2136	0
2137	0
2138	3
2139	9
2140	4
2141	0
2142	0
2143	2
2144	0
2145	0
2146	0
2147	0
2148	3
2149	9
2150	0
2151	0
2152	7
2153	8
2154	0
2155	0
2156	0
2157	0
2158	0
2159	0
2160	4
2161	3
2162	0
2163	0
2164	13
2165	0
2166	0
2167	0
2168	0
2169	0
2170	4
2171	3
2172	13
2173	1
2174	7
2175	0
2176	6
2177	0
2178	6
2179	0
2180	0
2181	4
2182	6
2183	1
2184	8
2185	0
2186	2
2187	10
2188	0
2189	0
2190	0
2191	11
2192	0
2193	2
2194	0
2195	9
2196	9
2197	0
2198	0
2199	0
2200	0
2201	10
2202	0
2203	0
2204	6
2205	15
2206	2
2207	0
2208	0
2209	6
2210	7
2211	1
2212	6
2213	5
2214	0
2215	0
2216	8
2217	1
2218	5
2219	9
2220	0
2221	0
2222	4
2223	0
2224	0
2225	0
2226	7
2227	2
2228	0
2229	0
2230	0
2231	0
2232	0
2233	9
2234	10
2235	0
2236	6
2237	12
2238	0
2239	6
2240	5
2241	2
2242	0
2243	0
2244	10
2245	1
2246	8
2247	0
2248	0
2249	1
2250	4
2251	0
2252	1
2253	0
2254	6
2255	0
2256	0
2257	4
2258	0
2259	1
2260	0
2261	8
2262	0
2263	3
2264	0
2265	7
2266	0
2267	14
2268	4
2269	0
2270	0
2271	0
2272	0
2273	0
2274	0
2275	1
2276	0
2277	1
2278	0
2279	9
2280	2
2281	0
2282	9
2283	0
2284	0
2285	5
2286	5
2287	0
2288	6
2289	0
2290	0
2291	5
2292	8
2293	0
2294	3
2295	6
2296	1
2297	0
2298	3
2299	8
2300	0
2301	0
2302	8
2303	0
2304	3
2305	5
2306	2
2307	5
2308	1
2309	0
2310	0
2311	0
2312	1
2313	0
2314	2
2315	0
2316	1
2317	0
2318	4
2319	0
2320	0
2321	0
2322	0
2323	0
2324	0
2325	4
2326	0
2327	0
2328	1
2329	4
2330	0
2331	3
2332	0
2333	7
2334	0
2335	0
2336	0
2337	0
2338	0
2339	0
2340	1
2341	0
2342	2
2343	0
2344	3
2345	4
2346	6
2347	8
2348	2
2349	0
2350	9
2351	0
2352	2
2353	6
2354	0
2355	0
2356	3
2357	0
2358	0
2359	0
2360	0
2361	0
2362	5
2363	0
2364	0
2365	0
2366	0
2367	17
2368	0
2369	5
2370	0
2371	0
2372	0
2373	0
2374	0
2375	0
2376	3
2377	0
2378	0
2379	0
2380	0
2381	0
2382	0
2383	2
2384	2
2385	15
2386	5
2387	0
2388	0
2389	0
2390	0
2391	2
2392	2
2393	2
2394	0
2395	0
2396	0
2397	0
2398	0
2399	0
2400	4
2401	2
2402	0
2403	6
2404	0
2405	1
2406	0
2407	2
2408	0
2409	5
2410	2
2411	0
2412	8
2413	0
2414	2
2415	4
2416	2
2417	1
2418	0
2419	3
2420	0
2421	0
2422	0
2423	9
2424	0
2425	0
2426	0
2427	0
2428	0
2429	4
2430	11
2431	0
2432	2
2433	0
2434	0
2435	1
2436	15
2437	0
2438	0
2439	0
2440	0
2441	0
2442	3
2443	0
2444	0
2445	0
2446	9
2447	0
2448	0
2449	0
2450	2
2451	0
2452	7
2453	0
2454	0
2455	0
2456	10
2457	0
2458	0
2459	0
2460	0
2461	0
2462	0
2463	11
2464	4
2465	0
2466	0
2467	0
2468	0
2469	0
2470	3
2471	0
2472	0
2473	0
2474	14
2475	10
2476	0
2477	0
2478	4
2479	6
2480	10
2481	6
2482	0
2483	3
2484	0
2485	0
2486	2
2487	8
2488	0
2489	0
2490	1
2491	0
2492	10
2493	0
2494	0
2495	0
2496	0
2497	0
2498	0
2499	2
2500	0
2501	0
2502	0
2503	0
2504	6
2505	12
2506	0
2507	15
2508	0
2509	1
2510	8
2511	10
2512	0
2513	0
2514	3
2515	0
2516	9
2517	0
2518	0
2519	0
2520	0
2521	1
2522	10
2523	0
2524	6
2525	3
2526	0
2527	0
2528	1
2529	0
2530	0
2531	0
2532	0
2533	0
2534	2
2535	3
2536	0
2537	0
2538	1
2539	9
2540	0
2541	0
2542	0
2543	0
2544	0
2545	6
2546	0
2547	0
2548	1
2549	11
2550	0
2551	0
2552	0
2553	0
2554	10
2555	0
2556	2
2557	2
2558	7
2559	0
2560	1
2561	1
2562	0
2563	0
2564	0
2565	0
2566	0
2567	0
2568	2
2569	2
2570	4
2571	0
2572	0
2573	3
2574	0
2575	0
2576	2
2577	0
2578	0
2579	0
2580	1
2581	0
2582	3
2583	0
2584	0
2585	3
2586	0
2587	3
2588	0
2589	0
2590	0
2591	6
2592	6
2593	4
2594	0
2595	0
2596	0
2597	1
2598	6
2599	0
2600	0
2601	0
2602	0
2603	0
2604	0
2605	3
2606	0
2607	9
2608	10
2609	9
2610	0
2611	0
2612	0
2613	6
2614	0
2615	0
2616	0
2617	6
2618	1
2619	0
2620	3
2621	0
2622	1
2623	2
2624	2
2625	0
2626	2
2627	0
2628	3
2629	2
2630	0
2631	3
2632	1
2633	0
2634	8
2635	0
2636	0
2637	6
2638	0
2639	5
2640	0
2641	7
2642	11
2643	0
2644	12
2645	0
2646	0
2647	0
2648	4
2649	0
2650	5
2651	0
2652	0
2653	4
2654	1
2655	1
2656	0
2657	0
2658	0
2659	11
2660	0
2661	9
2662	0
2663	0
2664	5
2665	0
2666	2
2667	0
2668	1
2669	6
2670	0
2671	0
2672	2
2673	0
2674	2
2675	7
2676	0
2677	0
2678	2
2679	0
2680	6
2681	3
2682	4
2683	0
2684	1
2685	0
2686	3
2687	5
2688	0
2689	0
2690	0
2691	0
2692	0
2693	0
2694	0
2695	2
2696	0
2697	10
2698	0
2699	0
2700	3
2701	0
2702	0
2703	1
2704	0
2705	0
2706	0
2707	0
2708	0
2709	7
2710	0
2711	0
2712	9
2713	2
2714	4
2715	1
2716	0
2717	0
2718	0
2719	0
2720	0
2721	9
2722	1
2723	1
2724	6
2725	0
2726	0
2727	8
2728	0
2729	2
2730	0
2731	0
2732	0
2733	4
2734	0
2735	0
2736	6
2737	3
2738	12
2739	6
2740	0
2741	5
2742	0
2743	0
2744	0
2745	3
2746	8
2747	0
2748	4
2749	4
2750	2
2751	1
2752	7
2753	0
2754	3
2755	0
2756	0
2757	1
2758	1
2759	5
2760	4
2761	1
2762	6
2763	0
2764	0
2765	5
2766	0
2767	1
2768	0
2769	0
2770	2
2771	1
2772	0
2773	0
2774	0
2775	6
2776	2
2777	0
2778	5
2779	0
2780	0
2781	0
2782	0
2783	1
2784	4
2785	3
2786	6
2787	0
2788	4
2789	4
2790	1
2791	0
2792	4
2793	6
2794	0
2795	8
2796	4
2797	0
2798	8
2799	14
2800	7
2801	0
2802	0
2803	0
2804	11
2805	0
2806	0
2807	0
2808	0
2809	0
2810	0
2811	0
2812	0
2813	0
2814	0
2815	0
2816	6
2817	1
2818	10
2819	0
2820	5
2821	0
2822	5
2823	2
2824	0
2825	4
2826	0
2827	2
2828	5
2829	1
2830	0
2831	0
2832	4
2833	5
2834	0
2835	0
2836	3
2837	0
2838	4
2839	0
2840	0
2841	0
2842	4
2843	3
2844	0
2845	9
2846	4
2847	1
2848	0
2849	4
2850	0
2851	0
2852	0
2853	0
2854	0
2855	0
2856	7
2857	0
2858	0
2859	0
2860	0
2861	0
2862	6
2863	3
2864	0
2865	0
2866	0
2867	0
2868	0
2869	1
2870	0
2871	0
2872	4
2873	6
2874	0
2875	0
2876	6
2877	0
2878	2
2879	0
2880	0
2881	0
2882	0
2883	10
2884	3
2885	1
2886	0
2887	0
2888	0
2889	0
2890	3
2891	4
2892	4
2893	5
2894	1
2895	5
2896	5
2897	0
2898	6
2899	2
2900	3
2901	0
2902	0
2903	9
2904	0
2905	0
2906	8
2907	0
2908	0
2909	7
2910	8
2911	7
2912	0
2913	3
2914	0
2915	6
2916	0
2917	5
2918	0
2919	5
2920	0
2921	2
2922	0
2923	0
2924	0
2925	5
2926	0
2927	2
2928	0
2929	0
2930	0
2931	2
2932	0
2933	2
2934	0
2935	0
2936	0
2937	0
2938	3
2939	0
2940	4
2941	0
2942	0
2943	0
2944	0
2945	5
2946	0
2947	0
2948	5
2949	4
2950	1
2951	3
2952	10
2953	0
2954	0
2955	0
2956	0
2957	3
2958	0
2959	1
2960	4
2961	4
2962	0
2963	0
2964	0
2965	4
2966	0
2967	0
2968	0
2969	0
2970	8
2971	0
2972	2
2973	2
2974	0
2975	0
2976	0
2977	0
2978	0
2979	1
2980	4
2981	5
2982	4
2983	6
2984	5
2985	0
2986	0
2987	0
2988	0
2989	0
2990	0
2991	5
2992	0
2993	0
2994	0
2995	6
2996	0
2997	4
2998	2
2999	0
3000	1
3001	5
3002	5
3003	3
3004	0
3005	1
3006	0
3007	0
3008	6
3009	1
3010	1
3011	0
3012	0
3013	0
3014	9
3015	1
3016	0
3017	4
3018	0
3019	2
3020	0
3021	0
3022	3
3023	6
3024	0
3025	4
3026	9
3027	2
3028	0
3029	4
3030	0
3031	5
3032	5
3033	0
3034	5
3035	4
3036	0
3037	0
3038	0
3039	0
3040	2
3041	5
3042	0
3043	4
3044	4
3045	4
3046	4
3047	3
3048	4
3049	2
3050	0
3051	0
3052	0
3053	3
3054	5
3055	0
3056	0
3057	0
3058	0
3059	2
3060	0
3061	1
3062	4
3063	0
3064	1
3065	0
3066	0
3067	0
3068	4
3069	9
3070	6
3071	3
3072	4
3073	0
3074	0
3075	0
3076	6
3077	2
3078	0
3079	6
3080	0
3081	7
3082	0
3083	1
3084	1
3085	0
3086	0
3087	0
3088	0
3089	2
3090	13
3091	0
3092	0
3093	0
3094	10
3095	2
3096	0
3097	1
3098	10
3099	0
3100	0
3101	16
3102	0
3103	12
3104	5
3105	0
3106	15
3107	0
3108	2
3109	0
3110	0
3111	0
3112	5
3113	2
3114	0
3115	0
3116	4
3117	4
3118	4
3119	0
3120	0
3121	2
3122	0
3123	0
3124	0
3125	0
3126	0
3127	0
3128	2
3129	0
3130	12
3131	0
3132	9
3133	0
3134	3
3135	5
3136	0
3137	4
3138	1
3139	8
3140	0
3141	7
3142	0
3143	6
3144	0
3145	5
3146	0
3147	0
3148	0
3149	0
3150	1
3151	2
3152	2
3153	0
3154	0
3155	3
3156	0
3157	1
3158	0
3159	0
3160	0
3161	0
3162	0
3163	0
3164	8
3165	11
3166	0
3167	17
3168	2
3169	8
3170	0
3171	2
3172	2
3173	2
3174	11
3175	2
3176	0
3177	7
3178	1
3179	15
3180	5
3181	0
3182	6
3183	2
3184	0
3185	11
3186	0
3187	0
3188	5
3189	1
3190	0
3191	0
3192	0
3193	3
3194	0
3195	0
3196	0
3197	3
3198	3
3199	0
3200	0
3201	0
3202	15
3203	0
3204	11
3205	0
3206	0
3207	0
3208	0
3209	0
3210	4
3211	3
3212	13
3213	0
3214	11
3215	10
3216	0
3217	0
3218	0
3219	0
3220	0
3221	0
3222	3
3223	0
3224	13
3225	1
3226	0
3227	7
3228	5
3229	10
3230	0
3231	8
3232	0
3233	5
3234	0
3235	15
3236	6
3237	0
3238	4
3239	0
3240	0
3241	0
3242	0
3243	11
3244	0
3245	0
3246	0
3247	2
3248	0
3249	10
3250	0
3251	2
3252	12
3253	8
3254	3
3255	0
3256	12
3257	10
3258	1
3259	0
3260	0
3261	3
3262	0
3263	0
3264	0
3265	4
3266	3
3267	0
3268	0
3269	8
3270	16
3271	11
3272	9
3273	0
3274	0
3275	0
3276	0
3277	9
3278	8
3279	1
3280	7
3281	1
3282	0
3283	4
3284	0
3285	0
3286	5
3287	0
3288	3
3289	15
3290	21
3291	1
3292	1
3293	0
3294	3
3295	0
3296	5
3297	0
3298	5
3299	0
3300	0
3301	6
3302	0
3303	2
3304	0
3305	3
3306	3
3307	1
3308	0
3309	1
3310	8
3311	5
3312	8
3313	7
3314	3
3315	0
3316	3
3317	0
3318	0
3319	7
3320	0
3321	0
3322	15
3323	3
3324	7
3325	3
3326	0
3327	0
3328	0
3329	3
3330	0
3331	6
3332	0
3333	1
3334	0
3335	0
3336	0
3337	3
3338	0
3339	0
3340	2
3341	0
3342	4
3343	0
3344	5
3345	0
3346	5
3347	0
3348	0
3349	0
3350	11
3351	6
3352	0
3353	0
3354	6
3355	5
3356	5
3357	0
3358	0
3359	0
3360	0
3361	0
3362	0
3363	7
3364	4
3365	2
3366	1
3367	6
3368	5
3369	1
3370	0
3371	0
3372	2
3373	0
3374	0
3375	0
3376	3
3377	0
3378	5
3379	0
3380	4
3381	10
3382	0
3383	2
3384	0
3385	0
3386	0
3387	9
3388	0
3389	0
3390	10
3391	0
3392	0
3393	0
3394	6
3395	0
3396	0
3397	0
3398	0
3399	7
3400	1
3401	0
3402	5
3403	7
3404	3
3405	0
3406	0
3407	0
3408	2
3409	0
3410	0
3411	7
3412	0
3413	0
3414	0
3415	6
3416	3
3417	1
3418	0
3419	0
3420	0
3421	7
3422	2
3423	3
3424	0
3425	0
3426	0
3427	0
3428	0
3429	0
3430	1
3431	6
3432	0
3433	1
3434	3
3435	0
3436	0
3437	0
3438	0
3439	0
3440	0
3441	0
3442	8
3443	0
3444	1
3445	0
3446	1
3447	4
3448	4
3449	1
3450	0
3451	8
3452	0
3453	1
3454	3
3455	0
3456	1
3457	0
3458	0
3459	3
3460	1
3461	0
3462	0
3463	0
3464	3
3465	5
3466	0
3467	2
3468	0
3469	0
3470	3
3471	3
3472	3
3473	0
3474	0
3475	0
3476	3
3477	0
3478	0
3479	5
3480	1
3481	0
3482	0
3483	0
3484	0
3485	1
3486	5
3487	0
3488	6
3489	0
3490	0
3491	0
3492	0
3493	0
3494	0
3495	2
3496	0
3497	8
3498	2
3499	0
3500	2
3501	0
3502	0
3503	0
3504	0
3505	0
3506	0
3507	2
3508	1
3509	2
3510	4
3511	0
3512	3
3513	5
3514	0
3515	3
3516	3
3517	0
3518	0
3519	1
3520	0
3521	0
3522	5
3523	10
3524	0
3525	0
3526	3
3527	1
3528	0
3529	0
3530	1
3531	5
3532	0
3533	3
3534	0
3535	5
3536	0
3537	3
3538	0
3539	0
3540	0
3541	8
3542	0
3543	4
3544	0
3545	0
3546	0
3547	3
3548	3
3549	0
3550	0
3551	1
3552	2
3553	0
3554	0
3555	0
3556	1
3557	0
3558	3
3559	0
3560	2
3561	0
3562	1
3563	1
3564	0
3565	4
3566	0
3567	0
3568	0
3569	1
3570	1
3571	0
3572	6
3573	5
3574	0
3575	8
3576	0
3577	0
3578	1
3579	0
3580	0
3581	0
3582	0
3583	0
3584	0
3585	0
3586	0
3587	0
3588	4
3589	0
3590	0
3591	0
3592	0
3593	0
3594	0
3595	0
3596	0
3597	2
3598	3
3599	0
3600	5
3601	0
3602	0
3603	3
3604	2
3605	0
3606	0
3607	0
3608	0
3609	0
3610	3
3611	0
3612	5
3613	3
3614	1
3615	0
3616	0
3617	0
3618	0
3619	0
3620	1
3621	3
3622	7
3623	0
3624	0
3625	0
3626	5
3627	0
3628	0
3629	0
3630	0
3631	2
3632	0
3633	0
3634	0
3635	0
3636	2
3637	0
3638	1
3639	0
3640	1
3641	3
3642	1
3643	0
3644	0
3645	0
3646	1
3647	0
3648	0
3649	0
3650	0
3651	1
3652	0
3653	0
3654	2
3655	3
3656	0
3657	4
3658	0
3659	0
3660	0
3661	0
3662	0
3663	0
3664	0
3665	3
3666	0
3667	5
3668	7
3669	0
3670	0
3671	0
3672	3
3673	1
3674	0
3675	4
3676	0
3677	0
3678	3
3679	0
3680	0
3681	0
3682	0
3683	0
3684	0
3685	0
3686	2
3687	3
3688	8
3689	0
3690	2
3691	4
3692	0
3693	0
3694	6
3695	0
3696	0
3697	0
3698	1
3699	0
3700	0
3701	2
3702	0
3703	0
3704	0
3705	3
3706	0
3707	0
3708	5
3709	2
3710	2
3711	1
3712	0
3713	0
3714	0
3715	3
3716	0
3717	0
3718	0
3719	0
3720	0
3721	0
3722	3
3723	0
3724	0
3725	0
3726	0
3727	4
3728	2
3729	0
3730	0
3731	0
3732	2
3733	0
3734	2
3735	0
3736	0
3737	1
3738	0
3739	0
3740	0
3741	0
3742	1
3743	0
3744	0
3745	0
3746	2
3747	5
3748	3
3749	0
3750	3
3751	0
3752	0
3753	8
3754	0
3755	0
3756	7
3757	0
3758	0
3759	2
3760	0
3761	2
3762	0
3763	1
3764	2
3765	0
3766	2
3767	4
3768	3
3769	3
3770	1
3771	0
3772	2
3773	5
3774	1
3775	3
3776	0
3777	2
3778	0
3779	2
3780	2
3781	0
3782	0
3783	0
3784	0
3785	0
3786	0
3787	3
3788	0
3789	4
3790	0
3791	1
3792	1
3793	0
3794	2
3795	2
3796	0
3797	0
3798	1
3799	2
3800	1
3801	1
3802	1
3803	3
3804	0
3805	4
3806	0
3807	2
3808	3
3809	4
3810	4
3811	0
3812	0
3813	1
3814	0
3815	0
3816	2
3817	1
3818	0
3819	0
3820	0
3821	4
3822	0
3823	0
3824	0
3825	2
3826	0
3827	0
3828	0
3829	0
3830	0
3831	3
3832	0
3833	0
3834	0
3835	3
3836	0
3837	7
3838	5
3839	1
3840	0
3841	0
3842	5
3843	0
3844	0
3845	4
3846	0
3847	2
3848	8
3849	3
3850	0
3851	1
3852	0
3853	0
3854	5
3855	1
3856	0
3857	1
3858	0
3859	0
3860	0
3861	0
3862	0
3863	0
3864	5
3865	0
3866	6
3867	0
3868	0
3869	0
3870	0
3871	0
3872	0
3873	1
3874	0
3875	0
3876	0
3877	0
3878	0
3879	0
3880	0
3881	0
3882	0
3883	0
3884	0
3885	2
3886	1
3887	1
3888	0
3889	3
3890	1
3891	4
3892	6
3893	0
3894	0
3895	3
3896	1
3897	0
3898	5
3899	0
3900	0
3901	1
3902	0
3903	0
3904	1
3905	0
3906	0
3907	2
3908	1
3909	4
3910	0
3911	0
3912	0
3913	1
3914	0
3915	0
3916	7
3917	1
3918	0
3919	0
3920	0
3921	0
3922	0
3923	0
3924	0
3925	5
3926	1
3927	2
3928	0
3929	0
3930	0
3931	0
3932	0
3933	1
3934	1
3935	3
3936	1
3937	4
3938	4
3939	3
3940	0
3941	4
3942	1
3943	1
3944	0
3945	3
3946	1
3947	0
3948	0
3949	0
3950	0
3951	3
3952	0
3953	0
3954	4
3955	0
3956	0
3957	0
3958	0
3959	1
3960	0
3961	2
3962	0
3963	0
3964	0
3965	0
3966	2
3967	0
3968	0
3969	0
3970	0
3971	0
3972	0
3973	0
3974	0
3975	2
3976	1
3977	0
3978	0
3979	1
3980	0
3981	5
3982	0
3983	0
3984	0
3985	0
3986	1
3987	0
3988	0
3989	0
3990	0
3991	1
3992	0
3993	0
3994	0
3995	0
3996	1
3997	0
3998	2
3999	2
4000	1
4001	0
4002	4
4003	3
4004	0
4005	0
4006	0
4007	0
4008	0
4009	3
4010	1
4011	0
4012	2
4013	0
4014	0
4015	1
4016	0
4017	0
4018	0
4019	0
4020	0
4021	0
4022	2
4023	2
4024	0
4025	0
4026	0
4027	2
4028	4
4029	0
4030	0
4031	0
4032	0
4033	0
4034	4
4035	1
4036	0
4037	1
4038	0
4039	2
4040	0
4041	0
4042	7
4043	0
4044	3
4045	1
4046	0
4047	0
4048	0
4049	0
4050	1
4051	2
4052	4
4053	1
4054	6
4055	1
4056	1
4057	3
4058	0
4059	0
4060	3
4061	1
4062	1
4063	0
4064	5
4065	0
4066	3
4067	0
4068	0
4069	2
4070	0
4071	2
4072	0
4073	1
4074	0
4075	0
4076	0
4077	2
4078	0
4079	0
4080	1
4081	0
4082	6
4083	0
4084	0
4085	1
4086	0
4087	1
4088	0
4089	0
4090	0
4091	3
4092	0
4093	0
4094	4
4095	4
