Channel	Net_Counts
0	0
1	0
1	0
2	0
3	0
4	0
5	0
6	0
7	0
8	0
9	0
10	0
11	0
12	0
13	0
14	0
15	0
16	0
17	0
18	0
19	0
20	0
21	0
22	0
23	0
24	0
25	0
26	0
27	0
28	0
29	0
30	0
31	0
32	0
33	0
34	0
35	0
36	0
37	0
38	0
39	0
40	0
41	0
42	0
43	0
44	0
45	0
46	0
47	0
48	0
49	0
50	1
51	0
52	0
53	0
54	0
55	0
56	1
57	1
58	0
59	0
60	0
61	0
62	1
63	1
64	0
65	0
66	0
67	0
68	0
69	1
70	0
71	0
72	0
73	0
74	0
75	0
76	1
77	1
78	1
79	0
80	0
81	3
82	2
83	1
84	1
85	1
86	0
87	0
88	0
89	0
90	0
91	0
92	1
93	0
94	0
95	0
96	0
97	0
98	1
99	1
100	2
101	0
102	0
103	0
104	0
105	2
106	0
107	1
108	2
109	0
110	0
111	0
112	1
113	0
114	1
115	1
116	0
117	0
118	0
119	1
120	0
121	1
122	2
123	1
124	2
125	0
126	0
127	2
128	0
129	0
130	0
131	0
132	1
133	0
134	2
135	2
136	8
137	22
138	37
139	0
140	18
141	28
142	0
143	37
144	0
145	0
146	0
147	0
148	0
149	0
150	0
151	54
152	2
153	65
154	0
155	0
156	64
157	64
158	23
159	22
160	56
161	67
162	0
163	0
164	39
165	0
166	3
167	18
168	55
169	19
170	51
171	49
172	0
173	20
174	47
175	0
176	38
177	25
178	1
179	13
180	47
181	45
182	0
183	0
184	35
185	0
186	0
187	13
188	68
189	0
190	0
191	0
192	0
193	22
194	16
195	0
196	0
197	0
198	0
199	0
200	53
201	59
202	0
203	0
204	49
205	0
206	44
207	3
208	0
209	0
210	22
211	33
212	35
213	0
214	37
215	0
216	17
217	62
218	0
219	0
220	0
221	0
222	0
223	0
224	0
225	0
226	0
227	63
228	22
229	9
230	0
231	12
232	11
233	13
234	3
235	62
236	35
237	0
238	0
239	14
240	0
241	1
242	0
243	0
244	0
245	0
246	0
247	0
248	0
249	0
250	7
251	0
252	0
253	0
254	11
255	0
256	7
257	37
258	0
259	0
260	15
261	60
262	0
263	0
264	38
265	30
266	0
267	42
268	31
269	9
270	0
271	44
272	0
273	0
274	23
275	0
276	6
277	54
278	0
279	0
280	0
281	33
282	0
283	41
284	0
285	18
286	0
287	0
288	0
289	19
290	0
291	0
292	0
293	47
294	0
295	41
296	0
297	0
298	0
299	12
300	0
301	9
302	0
303	13
304	25
305	0
306	0
307	0
308	13
309	48
310	0
311	26
312	54
313	0
314	0
315	9
316	0
317	31
318	17
319	4
320	0
321	19
322	0
323	9
324	0
325	41
326	30
327	19
328	0
329	0
330	46
331	0
332	0
333	12
334	0
335	11
336	8
337	10
338	44
339	7
340	1
341	5
342	3
343	0
344	0
345	37
346	0
347	25
348	0
349	0
350	31
351	13
352	0
353	0
354	0
355	25
356	53
357	10
358	0
359	21
360	0
361	28
362	39
363	39
364	18
365	0
366	4
367	0
368	5
369	6
370	23
371	0
372	11
373	0
374	12
375	49
376	24
377	44
378	33
379	61
380	0
381	0
382	16
383	13
384	35
385	0
386	17
387	11
388	37
389	0
390	14
391	45
392	22
393	37
394	11
395	0
396	9
397	38
398	0
399	53
400	0
401	39
402	12
403	0
404	3
405	0
406	45
407	0
408	4
409	0
410	45
411	20
412	0
413	18
414	36
415	18
416	34
417	0
418	73
419	0
420	0
421	0
422	0
423	1
424	14
425	12
426	63
427	0
428	19
429	22
430	47
431	37
432	9
433	0
434	3
435	13
436	51
437	28
438	0
439	46
440	0
441	0
442	57
443	35
444	0
445	33
446	24
447	43
448	8
449	28
450	45
451	15
452	0
453	18
454	23
455	12
456	36
457	16
458	16
459	13
460	19
461	17
462	51
463	36
464	39
465	38
466	30
467	38
468	30
469	11
470	24
471	27
472	21
473	21
474	8
475	6
476	20
477	46
478	0
479	8
480	6
481	30
482	7
483	35
484	70
485	36
486	48
487	0
488	0
489	30
490	0
491	36
492	7
493	31
494	47
495	46
496	45
497	15
498	11
499	52
500	0
501	28
502	3
503	12
504	29
505	0
506	36
507	12
508	41
509	32
510	10
511	61
512	29
513	8
514	0
515	0
516	9
517	16
518	68
519	23
520	53
521	0
522	44
523	18
524	1
525	12
526	15
527	72
528	54
529	44
530	0
531	29
532	25
533	21
534	54
535	15
536	36
537	0
538	0
539	50
540	63
541	0
542	9
543	0
544	0
545	0
546	15
547	0
548	3
549	39
550	0
551	0
552	49
553	39
554	30
555	14
556	27
557	0
558	36
559	28
560	23
561	64
562	37
563	0
564	19
565	100
566	30
567	0
568	0
569	30
570	34
571	0
572	96
573	6
574	19
575	9
576	10
577	55
578	0
579	41
580	56
581	9
582	8
583	0
584	0
585	8
586	0
587	1
588	7
589	8
590	22
591	23
592	42
593	0
594	5
595	43
596	36
597	19
598	38
599	20
600	44
601	0
602	22
603	35
604	36
605	46
606	42
607	32
608	26
609	3
610	7
611	52
612	0
613	35
614	29
615	33
616	9
617	0
618	39
619	12
620	4
621	19
622	32
623	13
624	6
625	10
626	7
627	49
628	0
629	12
630	46
631	0
632	34
633	76
634	22
635	12
636	14
637	39
638	13
639	2
640	3
641	34
642	19
643	15
644	6
645	25
646	20
647	0
648	16
649	5
650	0
651	33
652	14
653	47
654	25
655	15
656	20
657	21
658	20
659	34
660	1
661	13
662	28
663	32
664	49
665	11
666	18
667	21
668	0
669	7
670	0
671	31
672	4
673	48
674	0
675	42
676	0
677	0
678	4
679	0
680	33
681	10
682	13
683	22
684	0
685	41
686	0
687	28
688	19
689	14
690	21
691	4
692	30
693	27
694	16
695	24
696	21
697	11
698	26
699	8
700	32
701	21
702	43
703	22
704	28
705	28
706	0
707	0
708	17
709	24
710	12
711	6
712	22
713	29
714	59
715	32
716	19
717	31
718	33
719	22
720	0
721	19
722	5
723	0
724	15
725	0
726	36
727	7
728	6
729	29
730	23
731	48
732	37
733	17
734	6
735	26
736	0
737	9
738	0
739	0
740	8
741	0
742	0
743	24
744	19
745	13
746	23
747	22
748	0
749	30
750	4
751	36
752	42
753	36
754	13
755	39
756	17
757	10
758	16
759	18
760	8
761	10
762	36
763	9
764	7
765	0
766	32
767	24
768	0
769	14
770	25
771	24
772	11
773	46
774	0
775	18
776	0
777	27
778	5
779	22
780	23
781	46
782	13
783	20
784	35
785	3
786	34
787	15
788	34
789	28
790	26
791	32
792	0
793	1
794	21
795	0
796	53
797	39
798	33
799	15
800	0
801	42
802	16
803	38
804	0
805	17
806	20
807	21
808	0
809	5
810	0
811	9
812	4
813	14
814	27
815	14
816	28
817	24
818	0
819	0
820	32
821	8
822	12
823	25
824	0
825	8
826	24
827	2
828	12
829	1
830	8
831	28
832	0
833	6
834	15
835	9
836	43
837	8
838	14
839	20
840	16
841	15
842	22
843	9
844	10
845	43
846	18
847	34
848	30
849	0
850	15
851	23
852	0
853	33
854	21
855	23
856	41
857	21
858	22
859	27
860	4
861	13
862	47
863	34
864	31
865	0
866	0
867	17
868	29
869	26
870	11
871	21
872	6
873	37
874	0
875	25
876	3
877	24
878	33
879	19
880	8
881	41
882	0
883	41
884	28
885	10
886	25
887	31
888	29
889	6
890	24
891	27
892	28
893	14
894	11
895	1
896	13
897	26
898	26
899	22
900	11
901	18
902	6
903	18
904	17
905	18
906	38
907	6
908	21
909	37
910	1
911	23
912	37
913	24
914	17
915	12
916	13
917	15
918	37
919	13
920	32
921	18
922	10
923	18
924	19
925	26
926	20
927	33
928	30
929	22
930	15
931	22
932	14
933	30
934	18
935	30
936	27
937	26
938	42
939	28
940	23
941	16
942	19
943	17
944	42
945	38
946	26
947	11
948	32
949	26
950	12
951	20
952	21
953	22
954	33
955	34
956	19
957	9
958	38
959	14
960	34
961	57
962	11
963	2
964	32
965	16
966	20
967	24
968	6
969	1
970	19
971	30
972	27
973	11
974	8
975	25
976	13
977	0
978	18
979	33
980	13
981	15
982	27
983	0
984	34
985	27
986	27
987	20
988	15
989	44
990	21
991	30
992	0
993	21
994	12
995	15
996	23
997	17
998	21
999	6
1000	24
1001	5
1002	23
1003	6
1004	24
1005	17
1006	30
1007	27
1008	17
1009	13
1010	16
1011	13
1012	21
1013	27
1014	9
1015	3
1016	19
1017	35
1018	0
1019	0
1020	16
1021	0
1022	11
1023	23
1024	25
1025	25
1026	42
1027	29
1028	19
1029	29
1030	10
1031	22
1032	34
1033	24
1034	20
1035	1
1036	22
1037	14
1038	7
1039	25
1040	27
1041	27
1042	29
1043	23
1044	32
1045	21
1046	14
1047	17
1048	30
1049	23
1050	29
1051	14
1052	21
1053	2
1054	29
1055	3
1056	16
1057	23
1058	3
1059	4
1060	39
1061	25
1062	27
1063	27
1064	17
1065	20
1066	11
1067	23
1068	31
1069	13
1070	23
1071	19
1072	7
1073	18
1074	19
1075	14
1076	29
1077	6
1078	24
1079	30
1080	12
1081	18
1082	12
1083	15
1084	21
1085	21
1086	2
1087	0
1088	6
1089	8
1090	24
1091	7
1092	11
1093	32
1094	10
1095	11
1096	2
1097	7
1098	21
1099	7
1100	0
1101	0
1102	1
1103	8
1104	8
1105	0
1106	0
1107	26
1108	0
1109	9
1110	0
1111	9
1112	30
1113	0
1114	16
1115	0
1116	3
1117	0
1118	25
1119	8
1120	0
1121	11
1122	0
1123	0
1124	2
1125	0
1126	7
1127	24
1128	0
1129	6
1130	9
1131	5
1132	11
1133	4
1134	0
1135	0
1136	0
1137	0
1138	8
1139	19
1140	7
1141	0
1142	6
1143	0
1144	3
1145	20
1146	15
1147	1
1148	0
1149	0
1150	5
1151	1
1152	22
1153	7
1154	6
1155	0
1156	24
1157	0
1158	12
1159	13
1160	0
1161	10
1162	0
1163	3
1164	0
1165	17
1166	10
1167	1
1168	10
1169	12
1170	0
1171	8
1172	0
1173	3
1174	0
1175	0
1176	18
1177	0
1178	22
1179	0
1180	19
1181	12
1182	13
1183	0
1184	1
1185	6
1186	14
1187	0
1188	6
1189	9
1190	0
1191	8
1192	0
1193	0
1194	0
1195	14
1196	0
1197	1
1198	8
1199	0
1200	5
1201	17
1202	0
1203	0
1204	0
1205	0
1206	0
1207	6
1208	6
1209	0
1210	0
1211	3
1212	0
1213	0
1214	5
1215	14
1216	9
1217	0
1218	0
1219	18
1220	0
1221	29
1222	33
1223	0
1224	15
1225	0
1226	0
1227	3
1228	0
1229	8
1230	0
1231	4
1232	0
1233	10
1234	0
1235	0
1236	0
1237	1
1238	1
1239	0
1240	0
1241	0
1242	0
1243	0
1244	0
1245	1
1246	13
1247	20
1248	4
1249	12
1250	7
1251	0
1252	7
1253	0
1254	14
1255	1
1256	5
1257	0
1258	0
1259	0
1260	9
1261	13
1262	10
1263	10
1264	0
1265	0
1266	18
1267	0
1268	0
1269	0
1270	1
1271	1
1272	11
1273	7
1274	13
1275	11
1276	0
1277	19
1278	1
1279	3
1280	12
1281	0
1282	7
1283	7
1284	0
1285	20
1286	0
1287	15
1288	9
1289	9
1290	0
1291	0
1292	10
1293	10
1294	0
1295	0
1296	2
1297	0
1298	0
1299	12
1300	0
1301	0
1302	0
1303	0
1304	11
1305	7
1306	0
1307	8
1308	0
1309	0
1310	0
1311	0
1312	4
1313	0
1314	7
1315	0
1316	0
1317	4
1318	10
1319	13
1320	7
1321	0
1322	2
1323	1
1324	0
1325	6
1326	0
1327	2
1328	1
1329	0
1330	0
1331	0
1332	2
1333	22
1334	0
1335	0
1336	15
1337	1
1338	15
1339	27
1340	0
1341	0
1342	14
1343	6
1344	0
1345	8
1346	0
1347	0
1348	9
1349	10
1350	0
1351	0
1352	14
1353	2
1354	2
1355	12
1356	0
1357	0
1358	10
1359	0
1360	0
1361	2
1362	0
1363	0
1364	0
1365	12
1366	4
1367	5
1368	17
1369	8
1370	14
1371	20
1372	9
1373	0
1374	1
1375	1
1376	12
1377	28
1378	0
1379	0
1380	19
1381	2
1382	3
1383	23
1384	0
1385	6
1386	9
1387	6
1388	19
1389	5
1390	23
1391	6
1392	21
1393	23
1394	26
1395	19
1396	28
1397	49
1398	38
1399	37
1400	29
1401	32
1402	16
1403	5
1404	4
1405	26
1406	6
1407	36
1408	17
1409	50
1410	26
1411	29
1412	37
1413	15
1414	44
1415	28
1416	60
1417	33
1418	34
1419	38
1420	57
1421	35
1422	44
1423	66
1424	56
1425	67
1426	44
1427	78
1428	79
1429	79
1430	61
1431	70
1432	63
1433	85
1434	65
1435	75
1436	82
1437	80
1438	118
1439	93
1440	74
1441	101
1442	108
1443	113
1444	109
1445	107
1446	104
1447	138
1448	118
1449	127
1450	135
1451	148
1452	133
1453	135
1454	135
1455	163
1456	163
1457	117
1458	110
1459	180
1460	159
1461	199
1462	160
1463	176
1464	198
1465	167
1466	203
1467	206
1468	190
1469	178
1470	222
1471	204
1472	213
1473	216
1474	203
1475	224
1476	209
1477	225
1478	254
1479	199
1480	266
1481	228
1482	242
1483	244
1484	259
1485	254
1486	242
1487	236
1488	253
1489	255
1490	243
1491	234
1492	261
1493	284
1494	265
1495	284
1496	279
1497	287
1498	276
1499	292
1500	265
1501	276
1502	295
1503	295
1504	288
1505	300
1506	304
1507	302
1508	266
1509	280
1510	330
1511	279
1512	247
1513	265
1514	287
1515	290
1516	305
1517	302
1518	286
1519	294
1520	285
1521	283
1522	276
1523	273
1524	278
1525	277
1526	298
1527	271
1528	266
1529	242
1530	252
1531	258
1532	242
1533	244
1534	211
1535	248
1536	214
1537	255
1538	235
1539	242
1540	216
1541	211
1542	200
1543	225
1544	222
1545	215
1546	186
1547	203
1548	198
1549	201
1550	194
1551	208
1552	184
1553	183
1554	159
1555	172
1556	187
1557	181
1558	161
1559	169
1560	158
1561	128
1562	152
1563	114
1564	150
1565	142
1566	135
1567	125
1568	131
1569	142
1570	102
1571	97
1572	114
1573	115
1574	97
1575	106
1576	90
1577	87
1578	80
1579	79
1580	100
1581	85
1582	68
1583	90
1584	77
1585	78
1586	52
1587	83
1588	65
1589	48
1590	53
1591	51
1592	53
1593	58
1594	43
1595	34
1596	50
1597	56
1598	30
1599	53
1600	32
1601	42
1602	25
1603	40
1604	55
1605	32
1606	14
1607	19
1608	28
1609	32
1610	16
1611	25
1612	12
1613	18
1614	14
1615	17
1616	22
1617	9
1618	23
1619	11
1620	11
1621	11
1622	11
1623	6
1624	17
1625	13
1626	2
1627	9
1628	13
1629	8
1630	17
1631	18
1632	8
1633	21
1634	9
1635	4
1636	16
1637	1
1638	3
1639	0
1640	8
1641	1
1642	0
1643	3
1644	0
1645	4
1646	0
1647	4
1648	0
1649	4
1650	3
1651	0
1652	7
1653	0
1654	4
1655	8
1656	1
1657	5
1658	8
1659	1
1660	0
1661	8
1662	0
1663	0
1664	6
1665	5
1666	0
1667	6
1668	10
1669	3
1670	4
1671	11
1672	8
1673	0
1674	1
1675	0
1676	0
1677	7
1678	2
1679	0
1680	1
1681	3
1682	0
1683	0
1684	0
1685	5
1686	4
1687	7
1688	0
1689	0
1690	1
1691	0
1692	1
1693	4
1694	10
1695	4
1696	1
1697	0
1698	15
1699	0
1700	0
1701	8
1702	7
1703	8
1704	1
1705	0
1706	0
1707	8
1708	0
1709	0
1710	0
1711	12
1712	0
1713	0
1714	0
1715	0
1716	0
1717	4
1718	11
1719	1
1720	2
1721	0
1722	0
1723	0
1724	9
1725	0
1726	6
1727	0
1728	7
1729	0
1730	2
1731	4
1732	0
1733	14
1734	0
1735	0
1736	0
1737	0
1738	0
1739	1
1740	8
1741	11
1742	1
1743	8
1744	0
1745	0
1746	9
1747	7
1748	0
1749	2
1750	0
1751	0
1752	0
1753	1
1754	21
1755	7
1756	0
1757	0
1758	4
1759	0
1760	5
1761	3
1762	12
1763	0
1764	0
1765	2
1766	0
1767	0
1768	0
1769	0
1770	10
1771	0
1772	2
1773	0
1774	9
1775	12
1776	14
1777	0
1778	7
1779	5
1780	5
1781	5
1782	0
1783	0
1784	0
1785	0
1786	0
1787	0
1788	13
1789	0
1790	9
1791	0
1792	0
1793	8
1794	4
1795	6
1796	10
1797	0
1798	0
1799	3
1800	0
1801	2
1802	2
1803	0
1804	0
1805	3
1806	0
1807	0
1808	0
1809	0
1810	14
1811	0
1812	1
1813	0
1814	0
1815	0
1816	8
1817	9
1818	2
1819	0
1820	0
1821	5
1822	0
1823	5
1824	18
1825	0
1826	15
1827	4
1828	0
1829	7
1830	0
1831	16
1832	5
1833	0
1834	0
1835	10
1836	0
1837	7
1838	5
1839	0
1840	3
1841	1
1842	0
1843	0
1844	5
1845	0
1846	0
1847	0
1848	0
1849	1
1850	0
1851	4
1852	7
1853	0
1854	0
1855	0
1856	0
1857	0
1858	5
1859	0
1860	0
1861	0
1862	5
1863	2
1864	8
1865	0
1866	0
1867	0
1868	0
1869	0
1870	15
1871	2
1872	0
1873	0
1874	3
1875	4
1876	0
1877	9
1878	2
1879	0
1880	0
1881	0
1882	0
1883	4
1884	0
1885	0
1886	1
1887	0
1888	12
1889	5
1890	9
1891	1
1892	10
1893	0
1894	0
1895	0
1896	3
1897	0
1898	5
1899	1
1900	0
1901	3
1902	0
1903	3
1904	0
1905	10
1906	0
1907	6
1908	0
1909	0
1910	2
1911	9
1912	0
1913	3
1914	0
1915	0
1916	6
1917	1
1918	0
1919	0
1920	0
1921	0
1922	0
1923	1
1924	5
1925	0
1926	3
1927	0
1928	5
1929	0
1930	0
1931	0
1932	0
1933	0
1934	3
1935	0
1936	11
1937	0
1938	8
1939	0
1940	5
1941	7
1942	15
1943	5
1944	0
1945	2
1946	0
1947	2
1948	13
1949	0
1950	0
1951	7
1952	0
1953	0
1954	9
1955	0
1956	4
1957	2
1958	0
1959	4
1960	0
1961	7
1962	6
1963	4
1964	0
1965	1
1966	4
1967	1
1968	9
1969	0
1970	2
1971	0
1972	7
1973	0
1974	14
1975	0
1976	0
1977	4
1978	1
1979	0
1980	3
1981	5
1982	8
1983	0
1984	5
1985	11
1986	11
1987	8
1988	0
1989	0
1990	0
1991	4
1992	0
1993	0
1994	8
1995	10
1996	0
1997	0
1998	7
1999	6
2000	0
2001	0
2002	0
2003	0
2004	5
2005	0
2006	4
2007	9
2008	0
2009	0
2010	1
2011	10
2012	0
2013	0
2014	6
2015	0
2016	2
2017	16
2018	12
2019	9
2020	11
2021	5
2022	1
2023	11
2024	0
2025	10
2026	3
2027	0
2028	3
2029	5
2030	0
2031	0
2032	2
2033	2
2034	0
2035	8
2036	7
2037	0
2038	0
2039	0
2040	8
2041	0
2042	3
2043	0
2044	4
2045	13
2046	0
2047	0
2048	1
2049	0
2050	0
2051	0
2052	0
2053	0
2054	0
2055	16
2056	0
2057	5
2058	0
2059	7
2060	0
2061	4
2062	0
2063	9
2064	0
2065	0
2066	0
2067	8
2068	3
2069	0
2070	0
2071	11
2072	0
2073	1
2074	0
2075	1
2076	12
2077	1
2078	0
2079	4
2080	10
2081	0
2082	7
2083	5
2084	9
2085	0
2086	12
2087	0
2088	0
2089	0
2090	8
2091	0
2092	6
2093	0
2094	0
2095	0
2096	0
2097	2
2098	0
2099	2
2100	0
2101	0
2102	0
2103	2
2104	3
2105	0
2106	0
2107	0
2108	0
2109	15
2110	3
2111	0
2112	0
2113	3
2114	0
2115	5
2116	10
2117	8
2118	9
2119	8
2120	5
2121	4
2122	3
2123	15
2124	0
2125	2
2126	3
2127	5
2128	6
2129	0
2130	0
2131	3
2132	0
2133	0
2134	0
2135	0
2136	0
2137	0
2138	0
2139	1
2140	5
2141	0
2142	1
2143	4
2144	5
2145	0
2146	6
2147	0
2148	6
2149	0
2150	6
2151	14
2152	8
2153	0
2154	0
2155	1
2156	0
2157	7
2158	8
2159	0
2160	0
2161	0
2162	0
2163	4
2164	8
2165	0
2166	0
2167	0
2168	5
2169	0
2170	0
2171	4
2172	7
2173	5
2174	0
2175	0
2176	5
2177	4
2178	0
2179	1
2180	5
2181	5
2182	0
2183	0
2184	2
2185	0
2186	0
2187	4
2188	6
2189	0
2190	0
2191	0
2192	0
2193	2
2194	0
2195	1
2196	4
2197	13
2198	0
2199	0
2200	0
2201	8
2202	0
2203	0
2204	0
2205	1
2206	2
2207	2
2208	0
2209	12
2210	0
2211	5
2212	0
2213	12
2214	10
2215	0
2216	7
2217	1
2218	9
2219	0
2220	0
2221	4
2222	0
2223	0
2224	0
2225	0
2226	14
2227	0
2228	0
2229	0
2230	0
2231	0
2232	0
2233	1
2234	0
2235	0
2236	21
2237	0
2238	0
2239	3
2240	3
2241	0
2242	0
2243	0
2244	2
2245	0
2246	2
2247	0
2248	5
2249	0
2250	1
2251	0
2252	1
2253	0
2254	0
2255	0
2256	0
2257	0
2258	0
2259	2
2260	6
2261	4
2262	0
2263	0
2264	0
2265	2
2266	0
2267	6
2268	0
2269	3
2270	2
2271	0
2272	2
2273	0
2274	0
2275	0
2276	0
2277	0
2278	12
2279	5
2280	0
2281	3
2282	3
2283	0
2284	0
2285	0
2286	10
2287	0
2288	3
2289	0
2290	0
2291	0
2292	2
2293	3
2294	0
2295	8
2296	0
2297	5
2298	8
2299	6
2300	10
2301	0
2302	2
2303	0
2304	3
2305	2
2306	0
2307	5
2308	4
2309	5
2310	4
2311	0
2312	7
2313	1
2314	0
2315	0
2316	3
2317	0
2318	0
2319	2
2320	0
2321	0
2322	0
2323	9
2324	0
2325	3
2326	0
2327	3
2328	4
2329	8
2330	0
2331	3
2332	1
2333	0
2334	3
2335	0
2336	1
2337	0
2338	0
2339	0
2340	9
2341	1
2342	4
2343	0
2344	1
2345	0
2346	0
2347	3
2348	4
2349	0
2350	0
2351	0
2352	6
2353	16
2354	0
2355	2
2356	0
2357	0
2358	3
2359	4
2360	10
2361	3
2362	0
2363	5
2364	0
2365	5
2366	0
2367	3
2368	0
2369	1
2370	3
2371	2
2372	0
2373	4
2374	7
2375	0
2376	5
2377	0
2378	0
2379	0
2380	0
2381	0
2382	0
2383	2
2384	9
2385	0
2386	4
2387	0
2388	0
2389	0
2390	0
2391	0
2392	0
2393	0
2394	0
2395	7
2396	1
2397	8
2398	4
2399	0
2400	2
2401	11
2402	6
2403	8
2404	0
2405	0
2406	7
2407	1
2408	0
2409	0
2410	0
2411	0
2412	0
2413	0
2414	6
2415	0
2416	0
2417	0
2418	0
2419	4
2420	0
2421	0
2422	0
2423	0
2424	0
2425	1
2426	0
2427	0
2428	0
2429	1
2430	0
2431	0
2432	0
2433	3
2434	3
2435	2
2436	7
2437	0
2438	0
2439	0
2440	5
2441	6
2442	12
2443	5
2444	0
2445	0
2446	0
2447	0
2448	0
2449	0
2450	3
2451	11
2452	0
2453	0
2454	0
2455	0
2456	3
2457	0
2458	5
2459	0
2460	0
2461	1
2462	0
2463	3
2464	2
2465	0
2466	0
2467	0
2468	1
2469	0
2470	2
2471	0
2472	3
2473	0
2474	6
2475	4
2476	9
2477	0
2478	5
2479	14
2480	0
2481	6
2482	6
2483	0
2484	0
2485	3
2486	0
2487	7
2488	0
2489	4
2490	4
2491	2
2492	4
2493	1
2494	9
2495	4
2496	0
2497	1
2498	0
2499	0
2500	4
2501	0
2502	0
2503	5
2504	8
2505	10
2506	0
2507	0
2508	0
2509	7
2510	8
2511	3
2512	1
2513	8
2514	0
2515	0
2516	5
2517	9
2518	0
2519	6
2520	0
2521	0
2522	8
2523	0
2524	5
2525	0
2526	0
2527	7
2528	3
2529	0
2530	0
2531	0
2532	0
2533	8
2534	0
2535	5
2536	7
2537	0
2538	0
2539	10
2540	9
2541	0
2542	3
2543	5
2544	0
2545	0
2546	2
2547	0
2548	0
2549	1
2550	0
2551	4
2552	0
2553	0
2554	3
2555	0
2556	0
2557	0
2558	3
2559	0
2560	0
2561	0
2562	0
2563	0
2564	0
2565	2
2566	0
2567	0
2568	0
2569	0
2570	0
2571	0
2572	0
2573	3
2574	1
2575	5
2576	7
2577	7
2578	0
2579	8
2580	4
2581	0
2582	0
2583	6
2584	0
2585	0
2586	0
2587	8
2588	6
2589	0
2590	0
2591	8
2592	1
2593	4
2594	0
2595	0
2596	0
2597	0
2598	0
2599	0
2600	0
2601	0
2602	0
2603	1
2604	0
2605	0
2606	0
2607	0
2608	5
2609	8
2610	0
2611	0
2612	0
2613	4
2614	0
2615	3
2616	0
2617	5
2618	0
2619	0
2620	2
2621	0
2622	0
2623	1
2624	4
2625	0
2626	0
2627	3
2628	10
2629	0
2630	0
2631	1
2632	3
2633	6
2634	4
2635	2
2636	5
2637	3
2638	0
2639	0
2640	0
2641	4
2642	0
2643	0
2644	1
2645	0
2646	0
2647	0
2648	9
2649	0
2650	0
2651	0
2652	0
2653	8
2654	5
2655	0
2656	0
2657	1
2658	0
2659	1
2660	3
2661	7
2662	0
2663	0
2664	0
2665	0
2666	0
2667	0
2668	0
2669	0
2670	5
2671	0
2672	3
2673	0
2674	3
2675	5
2676	0
2677	0
2678	0
2679	0
2680	0
2681	8
2682	0
2683	0
2684	5
2685	0
2686	2
2687	1
2688	6
2689	0
2690	0
2691	0
2692	0
2693	0
2694	1
2695	12
2696	0
2697	2
2698	0
2699	0
2700	7
2701	0
2702	0
2703	5
2704	0
2705	0
2706	1
2707	0
2708	0
2709	0
2710	0
2711	0
2712	0
2713	0
2714	0
2715	0
2716	0
2717	0
2718	0
2719	0
2720	4
2721	9
2722	0
2723	3
2724	3
2725	0
2726	0
2727	0
2728	2
2729	0
2730	0
2731	0
2732	2
2733	0
2734	0
2735	0
2736	0
2737	0
2738	5
2739	0
2740	12
2741	4
2742	0
2743	4
2744	0
2745	4
2746	0
2747	1
2748	9
2749	0
2750	8
2751	0
2752	3
2753	0
2754	0
2755	0
2756	4
2757	2
2758	2
2759	0
2760	1
2761	2
2762	0
2763	0
2764	0
2765	0
2766	0
2767	0
2768	0
2769	0
2770	0
2771	0
2772	0
2773	6
2774	0
2775	1
2776	7
2777	1
2778	0
2779	6
2780	0
2781	0
2782	0
2783	10
2784	3
2785	2
2786	4
2787	0
2788	0
2789	9
2790	0
2791	3
2792	2
2793	9
2794	4
2795	4
2796	6
2797	4
2798	5
2799	0
2800	10
2801	0
2802	2
2803	0
2804	2
2805	1
2806	5
2807	1
2808	4
2809	2
2810	0
2811	6
2812	0
2813	0
2814	0
2815	0
2816	1
2817	1
2818	0
2819	11
2820	0
2821	1
2822	3
2823	0
2824	0
2825	0
2826	2
2827	5
2828	0
2829	0
2830	6
2831	0
2832	0
2833	0
2834	1
2835	1
2836	0
2837	3
2838	0
2839	0
2840	0
2841	0
2842	2
2843	3
2844	0
2845	0
2846	0
2847	3
2848	0
2849	5
2850	0
2851	0
2852	0
2853	0
2854	0
2855	0
2856	2
2857	0
2858	0
2859	0
2860	0
2861	0
2862	0
2863	0
2864	4
2865	2
2866	2
2867	3
2868	0
2869	0
2870	1
2871	0
2872	8
2873	0
2874	4
2875	2
2876	0
2877	9
2878	0
2879	0
2880	0
2881	1
2882	1
2883	4
2884	1
2885	0
2886	0
2887	0
2888	6
2889	0
2890	9
2891	7
2892	7
2893	3
2894	8
2895	1
2896	1
2897	0
2898	8
2899	12
2900	2
2901	0
2902	0
2903	2
2904	0
2905	0
2906	3
2907	2
2908	0
2909	4
2910	5
2911	0
2912	0
2913	0
2914	0
2915	0
2916	0
2917	0
2918	2
2919	3
2920	0
2921	0
2922	1
2923	3
2924	0
2925	8
2926	0
2927	1
2928	3
2929	0
2930	0
2931	2
2932	1
2933	1
2934	1
2935	4
2936	0
2937	2
2938	1
2939	0
2940	4
2941	1
2942	0
2943	0
2944	0
2945	1
2946	0
2947	0
2948	2
2949	1
2950	2
2951	0
2952	1
2953	1
2954	0
2955	0
2956	0
2957	0
2958	0
2959	9
2960	0
2961	5
2962	0
2963	2
2964	0
2965	0
2966	1
2967	3
2968	0
2969	0
2970	1
2971	0
2972	6
2973	0
2974	0
2975	2
2976	6
2977	6
2978	5
2979	1
2980	7
2981	3
2982	4
2983	1
2984	0
2985	2
2986	0
2987	0
2988	0
2989	0
2990	0
2991	0
2992	0
2993	0
2994	4
2995	4
2996	0
2997	4
2998	0
2999	4
3000	0
3001	7
3002	0
3003	0
3004	0
3005	1
3006	0
3007	0
3008	0
3009	0
3010	1
3011	0
3012	0
3013	0
3014	3
3015	1
3016	0
3017	2
3018	2
3019	4
3020	0
3021	4
3022	0
3023	0
3024	3
3025	0
3026	0
3027	5
3028	7
3029	0
3030	3
3031	3
3032	5
3033	0
3034	8
3035	2
3036	0
3037	7
3038	5
3039	1
3040	0
3041	5
3042	0
3043	0
3044	5
3045	0
3046	2
3047	10
3048	9
3049	2
3050	0
3051	0
3052	0
3053	0
3054	0
3055	0
3056	1
3057	3
3058	0
3059	0
3060	0
3061	21
3062	0
3063	3
3064	6
3065	0
3066	0
3067	1
3068	0
3069	4
3070	1
3071	2
3072	0
3073	3
3074	0
3075	0
3076	9
3077	2
3078	0
3079	3
3080	0
3081	0
3082	5
3083	4
3084	0
3085	4
3086	4
3087	0
3088	2
3089	0
3090	0
3091	0
3092	0
3093	0
3094	4
3095	0
3096	5
3097	11
3098	0
3099	0
3100	2
3101	3
3102	2
3103	0
3104	5
3105	0
3106	11
3107	5
3108	0
3109	5
3110	4
3111	3
3112	16
3113	0
3114	1
3115	2
3116	3
3117	3
3118	5
3119	6
3120	0
3121	0
3122	0
3123	0
3124	0
3125	13
3126	4
3127	1
3128	0
3129	3
3130	2
3131	0
3132	9
3133	0
3134	7
3135	9
3136	2
3137	14
3138	4
3139	6
3140	4
3141	6
3142	0
3143	0
3144	13
3145	6
3146	0
3147	0
3148	0
3149	2
3150	0
3151	8
3152	0
3153	0
3154	4
3155	1
3156	5
3157	4
3158	5
3159	0
3160	0
3161	8
3162	4
3163	2
3164	1
3165	10
3166	5
3167	8
3168	1
3169	0
3170	6
3171	0
3172	0
3173	0
3174	4
3175	8
3176	1
3177	0
3178	8
3179	1
3180	0
3181	0
3182	6
3183	12
3184	0
3185	0
3186	0
3187	0
3188	8
3189	1
3190	2
3191	0
3192	0
3193	5
3194	10
3195	4
3196	3
3197	15
3198	7
3199	8
3200	3
3201	3
3202	0
3203	2
3204	0
3205	0
3206	7
3207	0
3208	0
3209	0
3210	4
3211	0
3212	9
3213	0
3214	19
3215	11
3216	0
3217	10
3218	14
3219	2
3220	0
3221	0
3222	0
3223	0
3224	10
3225	0
3226	0
3227	3
3228	25
3229	4
3230	0
3231	0
3232	0
3233	1
3234	12
3235	0
3236	15
3237	3
3238	5
3239	0
3240	11
3241	1
3242	0
3243	0
3244	3
3245	0
3246	0
3247	0
3248	12
3249	14
3250	5
3251	6
3252	0
3253	8
3254	2
3255	0
3256	18
3257	3
3258	0
3259	0
3260	1
3261	0
3262	0
3263	3
3264	2
3265	9
3266	1
3267	5
3268	0
3269	8
3270	13
3271	11
3272	0
3273	13
3274	2
3275	0
3276	0
3277	3
3278	0
3279	2
3280	0
3281	11
3282	0
3283	0
3284	0
3285	5
3286	0
3287	0
3288	1
3289	10
3290	7
3291	18
3292	0
3293	0
3294	0
3295	0
3296	0
3297	0
3298	0
3299	0
3300	9
3301	2
3302	0
3303	2
3304	7
3305	17
3306	3
3307	0
3308	0
3309	0
3310	0
3311	0
3312	14
3313	3
3314	0
3315	0
3316	0
3317	0
3318	0
3319	0
3320	2
3321	10
3322	13
3323	0
3324	10
3325	3
3326	0
3327	0
3328	0
3329	0
3330	7
3331	0
3332	3
3333	0
3334	0
3335	0
3336	5
3337	0
3338	0
3339	9
3340	0
3341	0
3342	6
3343	0
3344	13
3345	0
3346	0
3347	8
3348	3
3349	0
3350	8
3351	0
3352	0
3353	0
3354	0
3355	0
3356	0
3357	0
3358	0
3359	0
3360	0
3361	0
3362	10
3363	0
3364	5
3365	0
3366	0
3367	5
3368	1
3369	5
3370	0
3371	0
3372	3
3373	4
3374	0
3375	0
3376	3
3377	11
3378	0
3379	0
3380	3
3381	6
3382	0
3383	3
3384	0
3385	0
3386	1
3387	1
3388	3
3389	0
3390	0
3391	7
3392	8
3393	2
3394	0
3395	4
3396	1
3397	2
3398	0
3399	1
3400	10
3401	0
3402	0
3403	3
3404	7
3405	1
3406	0
3407	0
3408	0
3409	0
3410	0
3411	2
3412	9
3413	2
3414	0
3415	2
3416	0
3417	0
3418	0
3419	0
3420	0
3421	2
3422	0
3423	1
3424	0
3425	0
3426	2
3427	1
3428	0
3429	0
3430	0
3431	3
3432	9
3433	1
3434	5
3435	1
3436	8
3437	0
3438	0
3439	0
3440	0
3441	0
3442	2
3443	0
3444	1
3445	0
3446	7
3447	2
3448	0
3449	4
3450	4
3451	0
3452	0
3453	0
3454	0
3455	0
3456	0
3457	2
3458	3
3459	1
3460	0
3461	1
3462	1
3463	0
3464	2
3465	6
3466	0
3467	2
3468	0
3469	0
3470	1
3471	1
3472	0
3473	0
3474	4
3475	0
3476	1
3477	0
3478	4
3479	2
3480	0
3481	0
3482	3
3483	0
3484	0
3485	2
3486	2
3487	2
3488	3
3489	0
3490	0
3491	3
3492	0
3493	2
3494	1
3495	3
3496	0
3497	2
3498	1
3499	1
3500	0
3501	2
3502	0
3503	1
3504	0
3505	0
3506	0
3507	8
3508	0
3509	5
3510	2
3511	0
3512	0
3513	0
3514	1
3515	1
3516	0
3517	0
3518	0
3519	0
3520	0
3521	3
3522	0
3523	2
3524	0
3525	0
3526	0
3527	6
3528	0
3529	0
3530	2
3531	0
3532	0
3533	0
3534	0
3535	0
3536	5
3537	0
3538	0
3539	0
3540	0
3541	1
3542	0
3543	2
3544	0
3545	0
3546	5
3547	4
3548	0
3549	1
3550	6
3551	0
3552	0
3553	0
3554	0
3555	0
3556	1
3557	0
3558	5
3559	5
3560	6
3561	0
3562	0
3563	1
3564	0
3565	2
3566	0
3567	0
3568	0
3569	0
3570	0
3571	0
3572	7
3573	0
3574	2
3575	4
3576	1
3577	0
3578	4
3579	0
3580	2
3581	0
3582	3
3583	0
3584	0
3585	6
3586	6
3587	0
3588	0
3589	0
3590	1
3591	0
3592	0
3593	0
3594	0
3595	0
3596	0
3597	2
3598	5
3599	0
3600	0
3601	4
3602	1
3603	0
3604	5
3605	0
3606	0
3607	0
3608	0
3609	3
3610	3
3611	3
3612	0
3613	7
3614	0
3615	0
3616	0
3617	0
3618	3
3619	0
3620	3
3621	1
3622	2
3623	2
3624	0
3625	0
3626	1
3627	3
3628	0
3629	9
3630	4
3631	0
3632	2
3633	0
3634	0
3635	0
3636	0
3637	0
3638	0
3639	0
3640	0
3641	2
3642	3
3643	2
3644	1
3645	1
3646	1
3647	0
3648	0
3649	1
3650	0
3651	5
3652	0
3653	1
3654	2
3655	0
3656	0
3657	2
3658	0
3659	0
3660	0
3661	0
3662	0
3663	1
3664	0
3665	0
3666	0
3667	0
3668	2
3669	0
3670	0
3671	0
3672	3
3673	0
3674	0
3675	0
3676	3
3677	0
3678	1
3679	0
3680	0
3681	2
3682	0
3683	1
3684	3
3685	5
3686	0
3687	3
3688	5
3689	2
3690	4
3691	4
3692	0
3693	0
3694	1
3695	2
3696	0
3697	0
3698	0
3699	5
3700	2
3701	3
3702	4
3703	6
3704	0
3705	2
3706	0
3707	0
3708	3
3709	0
3710	1
3711	0
3712	0
3713	0
3714	0
3715	0
3716	0
3717	1
3718	4
3719	0
3720	0
3721	0
3722	3
3723	2
3724	0
3725	4
3726	0
3727	1
3728	5
3729	0
3730	3
3731	1
3732	0
3733	2
3734	0
3735	1
3736	0
3737	0
3738	5
3739	0
3740	0
3741	0
3742	1
3743	0
3744	0
3745	0
3746	0
3747	5
3748	0
3749	0
3750	0
3751	3
3752	0
3753	2
3754	4
3755	2
3756	4
3757	0
3758	3
3759	3
3760	0
3761	0
3762	3
3763	2
3764	2
3765	3
3766	5
3767	6
3768	1
3769	1
3770	3
3771	0
3772	2
3773	5
3774	3
3775	0
3776	1
3777	1
3778	0
3779	0
3780	1
3781	0
3782	2
3783	0
3784	3
3785	4
3786	2
3787	0
3788	3
3789	2
3790	2
3791	2
3792	3
3793	0
3794	1
3795	3
3796	0
3797	0
3798	0
3799	0
3800	1
3801	7
3802	8
3803	0
3804	0
3805	0
3806	0
3807	0
3808	0
3809	6
3810	5
3811	1
3812	0
3813	0
3814	2
3815	0
3816	0
3817	4
3818	3
3819	1
3820	0
3821	0
3822	0
3823	0
3824	3
3825	2
3826	2
3827	1
3828	2
3829	0
3830	0
3831	4
3832	5
3833	0
3834	2
3835	0
3836	0
3837	5
3838	3
3839	0
3840	0
3841	3
3842	0
3843	0
3844	1
3845	0
3846	0
3847	0
3848	7
3849	0
3850	1
3851	2
3852	0
3853	0
3854	0
3855	0
3856	0
3857	5
3858	0
3859	6
3860	1
3861	2
3862	0
3863	0
3864	0
3865	2
3866	3
3867	0
3868	1
3869	3
3870	0
3871	0
3872	0
3873	2
3874	0
3875	0
3876	0
3877	0
3878	0
3879	1
3880	0
3881	1
3882	0
3883	0
3884	5
3885	4
3886	0
3887	0
3888	4
3889	0
3890	0
3891	1
3892	1
3893	0
3894	1
3895	0
3896	4
3897	0
3898	0
3899	0
3900	0
3901	1
3902	0
3903	0
3904	4
3905	4
3906	0
3907	2
3908	1
3909	1
3910	1
3911	0
3912	0
3913	0
3914	0
3915	0
3916	2
3917	0
3918	6
3919	0
3920	0
3921	2
3922	0
3923	0
3924	0
3925	2
3926	4
3927	1
3928	1
3929	0
3930	0
3931	0
3932	0
3933	0
3934	0
3935	0
3936	1
3937	2
3938	0
3939	4
3940	2
3941	4
3942	1
3943	0
3944	0
3945	2
3946	0
3947	0
3948	0
3949	0
3950	0
3951	0
3952	1
3953	0
3954	0
3955	0
3956	6
3957	4
3958	0
3959	0
3960	0
3961	1
3962	0
3963	0
3964	1
3965	3
3966	2
3967	0
3968	0
3969	0
3970	0
3971	0
3972	0
3973	0
3974	0
3975	0
3976	7
3977	1
3978	0
3979	2
3980	0
3981	4
3982	0
3983	0
3984	0
3985	1
3986	1
3987	0
3988	0
3989	1
3990	0
3991	0
3992	0
3993	4
3994	0
3995	0
3996	6
3997	0
3998	0
3999	1
4000	0
4001	0
4002	0
4003	2
4004	0
4005	0
4006	6
4007	1
4008	0
4009	1
4010	4
4011	0
4012	0
4013	1
4014	1
4015	0
4016	0
4017	4
4018	0
4019	0
4020	0
4021	1
4022	4
4023	0
4024	0
4025	3
4026	0
4027	0
4028	3
4029	2
4030	6
4031	0
4032	1
4033	5
4034	3
4035	1
4036	0
4037	2
4038	4
4039	2
4040	6
4041	1
4042	5
4043	0
4044	0
4045	0
4046	0
4047	0
4048	0
4049	0
4050	3
4051	0
4052	4
4053	0
4054	0
4055	2
4056	0
4057	0
4058	0
4059	0
4060	2
4061	1
4062	3
4063	0
4064	0
4065	0
4066	2
4067	2
4068	0
4069	0
4070	0
4071	0
4072	2
4073	2
4074	0
4075	0
4076	1
4077	3
4078	0
4079	0
4080	0
4081	0
4082	4
4083	0
4084	2
4085	1
4086	0
4087	0
4088	0
4089	0
4090	3
4091	0
4092	0
4093	0
4094	1
4095	1
