Channel	Average_Counts
0	0
1	0
2	0
3	0
4	0
5	0
6	0
7	0
8	0
9	0
10	0
11	0
12	0
13	0
14	0
15	0
16	0
17	0
18	0
19	0
20	0
21	0
22	0
23	0
24	0
25	0
26	0
27	0
28	0
29	0
30	0
31	0
32	0
33	0
34	0
35	0
36	0
37	0
38	0
39	0
40	0
41	0
42	0
43	0
44	0
45	0
46	0
47	0
48	0
49	0
50	0
51	0
52	0
53	0
54	0
55	0
56	0
57	0
58	0
59	0
60	0
61	0
62	0
63	0
64	0
65	0
66	1
67	1
68	0
69	0
70	0
71	1
72	2
73	1
74	1
75	0
76	0
77	0
78	0
79	1
80	2
81	0
82	0
83	0
84	0
85	0
86	1
87	1
88	0
89	2
90	1
91	1
92	0
93	1
94	1
95	1
96	1
97	0
98	1
99	0
100	0
101	0
102	1
103	1
104	2
105	1
106	1
107	1
108	0
109	0
110	0
111	1
112	1
113	1
114	0
115	0
116	1
117	1
118	1
119	0
120	0
121	0
122	0
123	0
124	0
125	0
126	0
127	0
128	1
129	1
130	0
131	0
132	1
133	1
134	0
135	0
136	1
137	45
138	285
139	597
140	629
141	670
142	661
143	672
144	676
145	676
146	680
147	710
148	719
149	730
150	764
151	722
152	766
153	751
154	788
155	737
156	795
157	794
158	765
159	838
160	773
161	798
162	857
163	869
164	835
165	876
166	859
167	891
168	841
169	855
170	842
171	881
172	873
173	880
174	853
175	888
176	853
177	901
178	865
179	885
180	846
181	857
182	876
183	885
184	840
185	870
186	895
187	845
188	858
189	868
190	850
191	855
192	888
193	894
194	838
195	894
196	925
197	922
198	873
199	859
200	868
201	837
202	875
203	888
204	871
205	876
206	842
207	848
208	890
209	888
210	844
211	861
212	859
213	874
214	843
215	888
216	872
217	814
218	882
219	852
220	879
221	841
222	842
223	830
224	838
225	859
226	848
227	814
228	817
229	831
230	862
231	837
232	836
233	838
234	831
235	800
236	827
237	843
238	835
239	811
240	829
241	825
242	803
243	827
244	841
245	866
246	839
247	805
248	844
249	845
250	803
251	812
252	817
253	807
254	817
255	793
256	795
257	780
258	803
259	785
260	800
261	779
262	764
263	781
264	772
265	801
266	784
267	748
268	763
269	771
270	814
271	724
272	778
273	790
274	747
275	739
276	782
277	762
278	746
279	762
280	778
281	763
282	796
283	756
284	783
285	764
286	748
287	722
288	756
289	741
290	751
291	771
292	734
293	737
294	760
295	735
296	702
297	729
298	723
299	689
300	736
301	698
302	729
303	691
304	660
305	688
306	711
307	713
308	706
309	664
310	699
311	679
312	660
313	681
314	681
315	668
316	695
317	661
318	629
319	655
320	662
321	644
322	665
323	670
324	670
325	612
326	657
327	613
328	628
329	652
330	633
331	649
332	652
333	645
334	616
335	628
336	596
337	623
338	575
339	601
340	612
341	602
342	615
343	628
344	580
345	587
346	631
347	599
348	603
349	599
350	593
351	571
352	559
353	600
354	592
355	563
356	583
357	563
358	564
359	559
360	576
361	547
362	516
363	545
364	550
365	563
366	551
367	561
368	531
369	555
370	519
371	545
372	574
373	534
374	550
375	523
376	526
377	512
378	509
379	511
380	543
381	528
382	506
383	506
384	501
385	527
386	510
387	518
388	513
389	518
390	507
391	534
392	484
393	503
394	517
395	526
396	519
397	492
398	513
399	464
400	522
401	488
402	485
403	510
404	497
405	498
406	454
407	494
408	480
409	507
410	483
411	460
412	518
413	486
414	480
415	479
416	456
417	488
418	451
419	493
420	486
421	490
422	459
423	452
424	460
425	455
426	408
427	459
428	451
429	474
430	462
431	428
432	457
433	469
434	437
435	428
436	443
437	444
438	454
439	437
440	443
441	460
442	440
443	426
444	448
445	417
446	414
447	418
448	435
449	430
450	411
451	418
452	430
453	412
454	403
455	415
456	402
457	432
458	401
459	405
460	420
461	430
462	392
463	394
464	404
465	390
466	397
467	384
468	390
469	410
470	405
471	396
472	386
473	384
474	398
475	405
476	396
477	385
478	412
479	406
480	389
481	398
482	388
483	360
484	384
485	388
486	367
487	397
488	386
489	383
490	395
491	377
492	384
493	375
494	367
495	371
496	370
497	403
498	381
499	373
500	409
501	398
502	385
503	391
504	395
505	407
506	388
507	393
508	386
509	366
510	381
511	365
512	371
513	392
514	397
515	397
516	392
517	402
518	362
519	392
520	379
521	392
522	383
523	379
524	379
525	397
526	390
527	378
528	372
529	390
530	394
531	370
532	360
533	380
534	372
535	376
536	366
537	376
538	378
539	348
540	351
541	378
542	357
543	382
544	380
545	381
546	358
547	370
548	361
549	346
550	352
551	378
552	335
553	331
554	341
555	345
556	320
557	354
558	339
559	336
560	337
561	334
562	335
563	318
564	324
565	288
566	316
567	310
568	332
569	311
570	302
571	298
572	271
573	298
574	278
575	300
576	308
577	275
578	290
579	290
580	277
581	269
582	265
583	267
584	273
585	277
586	275
587	275
588	281
589	279
590	265
591	260
592	252
593	248
594	259
595	242
596	254
597	273
598	241
599	245
600	245
601	265
602	261
603	238
604	230
605	254
606	234
607	241
608	254
609	254
610	255
611	233
612	259
613	239
614	249
615	247
616	242
617	236
618	232
619	239
620	246
621	236
622	249
623	227
624	244
625	233
626	239
627	244
628	239
629	234
630	240
631	243
632	222
633	216
634	220
635	231
636	238
637	230
638	228
639	234
640	241
641	230
642	238
643	218
644	233
645	242
646	237
647	246
648	244
649	234
650	245
651	220
652	215
653	222
654	221
655	235
656	220
657	214
658	212
659	215
660	234
661	225
662	220
663	223
664	194
665	224
666	211
667	222
668	231
669	212
670	212
671	214
672	205
673	203
674	224
675	207
676	243
677	218
678	211
679	230
680	211
681	209
682	204
683	203
684	215
685	189
686	219
687	193
688	215
689	200
690	185
691	192
692	187
693	182
694	198
695	201
696	198
697	196
698	196
699	189
700	185
701	191
702	199
703	189
704	191
705	187
706	201
707	199
708	200
709	187
710	181
711	190
712	172
713	180
714	170
715	174
716	191
717	181
718	179
719	184
720	192
721	186
722	181
723	191
724	198
725	188
726	185
727	176
728	180
729	190
730	177
731	175
732	184
733	177
734	179
735	170
736	175
737	178
738	182
739	196
740	177
741	191
742	190
743	186
744	169
745	183
746	174
747	171
748	196
749	182
750	178
751	173
752	175
753	175
754	183
755	169
756	195
757	177
758	181
759	171
760	177
761	189
762	176
763	184
764	184
765	193
766	172
767	166
768	179
769	185
770	186
771	175
772	195
773	172
774	179
775	159
776	190
777	181
778	178
779	175
780	171
781	170
782	175
783	175
784	154
785	162
786	172
787	175
788	176
789	173
790	173
791	172
792	186
793	174
794	185
795	167
796	163
797	169
798	159
799	163
800	177
801	172
802	160
803	157
804	172
805	148
806	159
807	162
808	178
809	164
810	172
811	153
812	169
813	171
814	142
815	169
816	163
817	148
818	157
819	154
820	134
821	138
822	159
823	128
824	149
825	155
826	150
827	147
828	137
829	145
830	140
831	132
832	149
833	134
834	141
835	131
836	134
837	126
838	133
839	134
840	125
841	123
842	126
843	132
844	130
845	133
846	123
847	128
848	122
849	141
850	113
851	122
852	131
853	128
854	121
855	123
856	110
857	121
858	123
859	120
860	123
861	122
862	117
863	114
864	107
865	124
866	126
867	118
868	113
869	106
870	119
871	110
872	119
873	109
874	129
875	109
876	120
877	109
878	101
879	109
880	124
881	111
882	120
883	101
884	102
885	116
886	110
887	111
888	106
889	118
890	108
891	110
892	106
893	111
894	107
895	103
896	107
897	103
898	109
899	99
900	110
901	110
902	101
903	110
904	109
905	112
906	97
907	119
908	105
909	95
910	114
911	99
912	111
913	100
914	101
915	105
916	111
917	112
918	100
919	106
920	98
921	112
922	106
923	97
924	97
925	101
926	97
927	96
928	103
929	101
930	101
931	100
932	100
933	102
934	107
935	92
936	86
937	98
938	90
939	99
940	93
941	93
942	94
943	103
944	101
945	95
946	94
947	95
948	95
949	107
950	103
951	97
952	92
953	102
954	97
955	89
956	92
957	99
958	85
959	103
960	97
961	94
962	105
963	102
964	96
965	100
966	97
967	93
968	101
969	101
970	93
971	84
972	93
973	109
974	93
975	96
976	100
977	111
978	85
979	80
980	89
981	79
982	91
983	101
984	89
985	90
986	80
987	87
988	96
989	83
990	106
991	90
992	91
993	96
994	100
995	101
996	103
997	93
998	87
999	100
1000	91
1001	98
1002	89
1003	97
1004	88
1005	104
1006	87
1007	86
1008	101
1009	95
1010	85
1011	89
1012	94
1013	84
1014	99
1015	98
1016	91
1017	97
1018	92
1019	91
1020	96
1021	96
1022	90
1023	87
1024	90
1025	83
1026	85
1027	91
1028	93
1029	79
1030	98
1031	83
1032	86
1033	77
1034	91
1035	91
1036	83
1037	85
1038	85
1039	94
1040	77
1041	80
1042	89
1043	89
1044	89
1045	85
1046	80
1047	89
1048	80
1049	84
1050	83
1051	86
1052	86
1053	89
1054	75
1055	83
1056	82
1057	97
1058	90
1059	90
1060	88
1061	86
1062	82
1063	85
1064	82
1065	87
1066	94
1067	78
1068	76
1069	75
1070	80
1071	71
1072	83
1073	90
1074	81
1075	81
1076	80
1077	84
1078	80
1079	81
1080	85
1081	90
1082	85
1083	73
1084	83
1085	77
1086	81
1087	94
1088	79
1089	83
1090	73
1091	84
1092	85
1093	73
1094	84
1095	78
1096	81
1097	83
1098	90
1099	81
1100	92
1101	84
1102	87
1103	75
1104	78
1105	84
1106	90
1107	74
1108	77
1109	87
1110	89
1111	84
1112	73
1113	92
1114	79
1115	91
1116	86
1117	90
1118	74
1119	80
1120	87
1121	75
1122	90
1123	84
1124	81
1125	89
1126	82
1127	79
1128	82
1129	81
1130	79
1131	82
1132	80
1133	81
1134	97
1135	82
1136	98
1137	76
1138	77
1139	80
1140	76
1141	96
1142	83
1143	96
1144	83
1145	92
1146	85
1147	84
1148	79
1149	82
1150	85
1151	81
1152	87
1153	81
1154	76
1155	82
1156	75
1157	92
1158	85
1159	74
1160	85
1161	83
1162	89
1163	83
1164	85
1165	73
1166	79
1167	72
1168	75
1169	72
1170	90
1171	78
1172	76
1173	74
1174	71
1175	82
1176	74
1177	82
1178	72
1179	78
1180	69
1181	71
1182	75
1183	85
1184	79
1185	78
1186	65
1187	77
1188	66
1189	63
1190	77
1191	68
1192	70
1193	79
1194	77
1195	73
1196	78
1197	65
1198	71
1199	71
1200	60
1201	67
1202	73
1203	78
1204	76
1205	80
1206	72
1207	68
1208	62
1209	77
1210	77
1211	74
1212	81
1213	75
1214	75
1215	67
1216	72
1217	76
1218	75
1219	70
1220	73
1221	66
1222	51
1223	69
1224	64
1225	71
1226	79
1227	69
1228	66
1229	66
1230	54
1231	65
1232	80
1233	64
1234	74
1235	60
1236	62
1237	63
1238	74
1239	68
1240	75
1241	71
1242	72
1243	74
1244	66
1245	59
1246	63
1247	53
1248	74
1249	65
1250	73
1251	68
1252	65
1253	79
1254	59
1255	68
1256	62
1257	71
1258	72
1259	79
1260	62
1261	70
1262	57
1263	74
1264	70
1265	64
1266	61
1267	76
1268	81
1269	83
1270	71
1271	71
1272	72
1273	69
1274	66
1275	72
1276	78
1277	75
1278	71
1279	71
1280	67
1281	68
1282	70
1283	63
1284	76
1285	62
1286	71
1287	65
1288	68
1289	75
1290	77
1291	83
1292	65
1293	70
1294	78
1295	86
1296	70
1297	75
1298	82
1299	76
1300	70
1301	78
1302	79
1303	72
1304	82
1305	76
1306	82
1307	74
1308	89
1309	92
1310	91
1311	80
1312	79
1313	69
1314	79
1315	82
1316	83
1317	81
1318	73
1319	85
1320	75
1321	82
1322	87
1323	86
1324	95
1325	80
1326	72
1327	75
1328	87
1329	87
1330	91
1331	84
1332	86
1333	80
1334	79
1335	92
1336	72
1337	89
1338	81
1339	73
1340	88
1341	82
1342	79
1343	79
1344	85
1345	81
1346	89
1347	93
1348	89
1349	92
1350	89
1351	83
1352	89
1353	97
1354	89
1355	83
1356	96
1357	76
1358	72
1359	98
1360	86
1361	85
1362	89
1363	92
1364	87
1365	87
1366	88
1367	81
1368	79
1369	93
1370	77
1371	75
1372	73
1373	90
1374	83
1375	77
1376	78
1377	79
1378	80
1379	91
1380	77
1381	83
1382	81
1383	78
1384	86
1385	79
1386	83
1387	82
1388	71
1389	76
1390	73
1391	79
1392	81
1393	71
1394	78
1395	79
1396	75
1397	69
1398	69
1399	72
1400	80
1401	74
1402	73
1403	86
1404	82
1405	72
1406	77
1407	66
1408	78
1409	62
1410	71
1411	67
1412	69
1413	78
1414	67
1415	73
1416	65
1417	76
1418	67
1419	60
1420	68
1421	74
1422	69
1423	56
1424	66
1425	74
1426	67
1427	55
1428	55
1429	66
1430	60
1431	68
1432	61
1433	49
1434	63
1435	56
1436	55
1437	63
1438	62
1439	57
1440	57
1441	53
1442	54
1443	52
1444	61
1445	62
1446	60
1447	61
1448	60
1449	51
1450	56
1451	52
1452	55
1453	48
1454	47
1455	53
1456	43
1457	49
1458	51
1459	56
1460	54
1461	44
1462	55
1463	45
1464	48
1465	53
1466	58
1467	52
1468	51
1469	53
1470	47
1471	50
1472	44
1473	47
1474	53
1475	48
1476	51
1477	48
1478	52
1479	56
1480	58
1481	49
1482	43
1483	58
1484	46
1485	52
1486	43
1487	41
1488	44
1489	51
1490	40
1491	50
1492	37
1493	53
1494	48
1495	52
1496	44
1497	45
1498	48
1499	45
1500	41
1501	42
1502	45
1503	49
1504	48
1505	43
1506	44
1507	41
1508	41
1509	51
1510	39
1511	47
1512	56
1513	50
1514	42
1515	38
1516	43
1517	37
1518	40
1519	51
1520	39
1521	40
1522	44
1523	42
1524	46
1525	38
1526	38
1527	46
1528	49
1529	46
1530	47
1531	44
1532	39
1533	49
1534	52
1535	37
1536	45
1537	43
1538	42
1539	39
1540	48
1541	39
1542	48
1543	43
1544	45
1545	42
1546	39
1547	41
1548	39
1549	49
1550	44
1551	37
1552	39
1553	51
1554	34
1555	38
1556	43
1557	45
1558	45
1559	38
1560	41
1561	41
1562	36
1563	44
1564	43
1565	41
1566	44
1567	48
1568	36
1569	39
1570	44
1571	39
1572	33
1573	37
1574	43
1575	41
1576	48
1577	38
1578	40
1579	38
1580	42
1581	47
1582	43
1583	33
1584	35
1585	39
1586	43
1587	36
1588	38
1589	37
1590	41
1591	47
1592	36
1593	41
1594	35
1595	46
1596	40
1597	36
1598	35
1599	39
1600	35
1601	42
1602	41
1603	35
1604	39
1605	44
1606	45
1607	40
1608	38
1609	38
1610	41
1611	37
1612	37
1613	47
1614	41
1615	42
1616	41
1617	42
1618	41
1619	41
1620	41
1621	36
1622	43
1623	46
1624	43
1625	40
1626	42
1627	43
1628	41
1629	39
1630	44
1631	32
1632	43
1633	35
1634	39
1635	36
1636	36
1637	38
1638	35
1639	41
1640	36
1641	45
1642	46
1643	41
1644	44
1645	39
1646	44
1647	40
1648	52
1649	39
1650	44
1651	52
1652	44
1653	46
1654	40
1655	38
1656	42
1657	36
1658	38
1659	45
1660	44
1661	39
1662	45
1663	44
1664	37
1665	41
1666	41
1667	39
1668	40
1669	37
1670	39
1671	36
1672	38
1673	50
1674	43
1675	40
1676	43
1677	31
1678	38
1679	44
1680	36
1681	43
1682	44
1683	50
1684	35
1685	32
1686	39
1687	39
1688	41
1689	49
1690	40
1691	37
1692	41
1693	31
1694	40
1695	37
1696	39
1697	44
1698	32
1699	45
1700	37
1701	38
1702	39
1703	46
1704	43
1705	40
1706	44
1707	43
1708	41
1709	35
1710	39
1711	28
1712	42
1713	46
1714	38
1715	48
1716	47
1717	38
1718	39
1719	39
1720	38
1721	49
1722	49
1723	43
1724	32
1725	38
1726	40
1727	38
1728	39
1729	39
1730	35
1731	34
1732	40
1733	32
1734	45
1735	43
1736	38
1737	42
1738	40
1739	42
1740	36
1741	30
1742	41
1743	47
1744	38
1745	44
1746	31
1747	33
1748	42
1749	33
1750	41
1751	39
1752	47
1753	36
1754	30
1755	38
1756	41
1757	39
1758	35
1759	43
1760	40
1761	37
1762	34
1763	37
1764	42
1765	42
1766	31
1767	45
1768	37
1769	43
1770	42
1771	41
1772	41
1773	31
1774	36
1775	29
1776	35
1777	45
1778	33
1779	29
1780	39
1781	39
1782	43
1783	40
1784	37
1785	39
1786	42
1787	39
1788	32
1789	37
1790	34
1791	46
1792	39
1793	35
1794	36
1795	25
1796	42
1797	41
1798	37
1799	35
1800	43
1801	43
1802	40
1803	38
1804	40
1805	36
1806	38
1807	34
1808	38
1809	47
1810	29
1811	40
1812	35
1813	33
1814	42
1815	36
1816	36
1817	27
1818	33
1819	40
1820	40
1821	41
1822	38
1823	38
1824	30
1825	37
1826	34
1827	34
1828	43
1829	29
1830	43
1831	25
1832	34
1833	44
1834	36
1835	31
1836	35
1837	34
1838	30
1839	42
1840	36
1841	30
1842	38
1843	33
1844	31
1845	39
1846	41
1847	35
1848	41
1849	37
1850	34
1851	31
1852	30
1853	35
1854	38
1855	41
1856	36
1857	41
1858	32
1859	45
1860	31
1861	43
1862	34
1863	34
1864	39
1865	33
1866	32
1867	41
1868	31
1869	37
1870	33
1871	30
1872	31
1873	45
1874	30
1875	39
1876	36
1877	29
1878	31
1879	34
1880	32
1881	40
1882	35
1883	31
1884	33
1885	29
1886	35
1887	33
1888	28
1889	28
1890	28
1891	34
1892	28
1893	40
1894	34
1895	39
1896	27
1897	33
1898	38
1899	35
1900	29
1901	33
1902	38
1903	38
1904	34
1905	32
1906	38
1907	24
1908	40
1909	31
1910	32
1911	30
1912	43
1913	36
1914	32
1915	34
1916	34
1917	41
1918	33
1919	31
1920	39
1921	35
1922	36
1923	32
1924	31
1925	36
1926	27
1927	34
1928	37
1929	43
1930	32
1931	29
1932	30
1933	34
1934	31
1935	37
1936	28
1937	39
1938	32
1939	26
1940	35
1941	35
1942	28
1943	30
1944	38
1945	33
1946	34
1947	32
1948	41
1949	38
1950	32
1951	40
1952	33
1953	35
1954	32
1955	35
1956	36
1957	34
1958	39
1959	29
1960	39
1961	30
1962	31
1963	38
1964	35
1965	38
1966	38
1967	37
1968	40
1969	40
1970	41
1971	35
1972	31
1973	35
1974	33
1975	46
1976	38
1977	30
1978	40
1979	38
1980	41
1981	35
1982	39
1983	41
1984	32
1985	35
1986	32
1987	35
1988	36
1989	38
1990	35
1991	34
1992	34
1993	40
1994	33
1995	36
1996	39
1997	38
1998	35
1999	32
2000	37
2001	38
2002	41
2003	38
2004	34
2005	39
2006	34
2007	36
2008	45
2009	36
2010	37
2011	28
2012	33
2013	41
2014	39
2015	44
2016	44
2017	30
2018	33
2019	38
2020	35
2021	37
2022	39
2023	35
2024	51
2025	40
2026	40
2027	33
2028	39
2029	37
2030	42
2031	40
2032	45
2033	46
2034	45
2035	30
2036	37
2037	35
2038	34
2039	41
2040	33
2041	47
2042	41
2043	50
2044	41
2045	34
2046	42
2047	32
2048	39
2049	47
2050	47
2051	44
2052	38
2053	44
2054	50
2055	32
2056	49
2057	38
2058	45
2059	38
2060	39
2061	45
2062	47
2063	40
2064	45
2065	40
2066	32
2067	36
2068	43
2069	43
2070	41
2071	39
2072	43
2073	43
2074	39
2075	42
2076	40
2077	42
2078	39
2079	43
2080	38
2081	42
2082	45
2083	40
2084	35
2085	37
2086	34
2087	41
2088	44
2089	43
2090	34
2091	48
2092	37
2093	39
2094	39
2095	39
2096	46
2097	36
2098	40
2099	45
2100	36
2101	37
2102	42
2103	35
2104	35
2105	38
2106	38
2107	42
2108	42
2109	33
2110	38
2111	45
2112	45
2113	39
2114	33
2115	31
2116	31
2117	34
2118	29
2119	39
2120	47
2121	34
2122	49
2123	35
2124	43
2125	36
2126	41
2127	41
2128	31
2129	42
2130	31
2131	32
2132	35
2133	41
2134	45
2135	42
2136	44
2137	45
2138	36
2139	33
2140	34
2141	41
2142	36
2143	32
2144	37
2145	36
2146	38
2147	40
2148	41
2149	34
2150	37
2151	37
2152	28
2153	35
2154	37
2155	33
2156	43
2157	31
2158	37
2159	43
2160	35
2161	34
2162	31
2163	32
2164	31
2165	42
2166	46
2167	33
2168	34
2169	37
2170	31
2171	33
2172	31
2173	36
2174	31
2175	40
2176	32
2177	34
2178	35
2179	42
2180	33
2181	30
2182	27
2183	37
2184	28
2185	37
2186	36
2187	30
2188	39
2189	28
2190	39
2191	29
2192	34
2193	34
2194	40
2195	27
2196	34
2197	33
2198	38
2199	37
2200	31
2201	30
2202	38
2203	31
2204	37
2205	33
2206	38
2207	34
2208	38
2209	27
2210	29
2211	30
2212	32
2213	23
2214	30
2215	43
2216	31
2217	33
2218	27
2219	31
2220	37
2221	30
2222	27
2223	31
2224	24
2225	33
2226	25
2227	29
2228	43
2229	30
2230	31
2231	30
2232	34
2233	30
2234	22
2235	26
2236	20
2237	27
2238	29
2239	23
2240	25
2241	28
2242	26
2243	34
2244	28
2245	29
2246	21
2247	31
2248	22
2249	30
2250	20
2251	31
2252	25
2253	30
2254	27
2255	28
2256	27
2257	24
2258	26
2259	21
2260	21
2261	24
2262	32
2263	26
2264	27
2265	26
2266	24
2267	17
2268	23
2269	26
2270	30
2271	33
2272	24
2273	23
2274	26
2275	21
2276	22
2277	30
2278	24
2279	16
2280	23
2281	24
2282	23
2283	24
2284	25
2285	21
2286	22
2287	20
2288	27
2289	30
2290	23
2291	21
2292	20
2293	22
2294	21
2295	17
2296	26
2297	24
2298	20
2299	20
2300	20
2301	25
2302	20
2303	25
2304	21
2305	17
2306	22
2307	15
2308	18
2309	21
2310	26
2311	25
2312	20
2313	24
2314	26
2315	25
2316	20
2317	27
2318	20
2319	22
2320	28
2321	19
2322	15
2323	20
2324	20
2325	22
2326	19
2327	23
2328	22
2329	19
2330	24
2331	24
2332	23
2333	24
2334	20
2335	21
2336	23
2337	18
2338	24
2339	24
2340	17
2341	21
2342	22
2343	25
2344	19
2345	25
2346	20
2347	19
2348	23
2349	28
2350	25
2351	24
2352	20
2353	17
2354	22
2355	23
2356	21
2357	22
2358	21
2359	19
2360	22
2361	26
2362	22
2363	21
2364	24
2365	17
2366	28
2367	17
2368	26
2369	18
2370	22
2371	19
2372	27
2373	23
2374	20
2375	23
2376	20
2377	17
2378	24
2379	28
2380	22
2381	26
2382	21
2383	19
2384	19
2385	22
2386	20
2387	25
2388	26
2389	25
2390	24
2391	23
2392	16
2393	19
2394	23
2395	19
2396	20
2397	22
2398	21
2399	34
2400	23
2401	20
2402	22
2403	22
2404	21
2405	27
2406	19
2407	23
2408	26
2409	25
2410	23
2411	31
2412	20
2413	23
2414	19
2415	24
2416	23
2417	26
2418	23
2419	25
2420	29
2421	24
2422	25
2423	17
2424	29
2425	26
2426	26
2427	27
2428	22
2429	20
2430	21
2431	28
2432	27
2433	22
2434	20
2435	19
2436	24
2437	28
2438	22
2439	28
2440	25
2441	25
2442	19
2443	22
2444	25
2445	23
2446	31
2447	27
2448	30
2449	27
2450	22
2451	24
2452	26
2453	24
2454	27
2455	29
2456	18
2457	28
2458	29
2459	25
2460	24
2461	29
2462	25
2463	21
2464	18
2465	23
2466	28
2467	23
2468	23
2469	29
2470	21
2471	30
2472	26
2473	26
2474	18
2475	28
2476	26
2477	29
2478	21
2479	18
2480	24
2481	21
2482	20
2483	20
2484	29
2485	26
2486	25
2487	24
2488	26
2489	26
2490	21
2491	27
2492	21
2493	29
2494	26
2495	25
2496	27
2497	27
2498	26
2499	25
2500	25
2501	26
2502	30
2503	26
2504	19
2505	21
2506	27
2507	20
2508	29
2509	25
2510	22
2511	20
2512	23
2513	23
2514	23
2515	26
2516	24
2517	25
2518	30
2519	26
2520	27
2521	24
2522	21
2523	29
2524	21
2525	22
2526	30
2527	26
2528	29
2529	28
2530	29
2531	28
2532	26
2533	26
2534	25
2535	21
2536	24
2537	25
2538	26
2539	25
2540	28
2541	22
2542	27
2543	28
2544	27
2545	27
2546	27
2547	23
2548	21
2549	22
2550	25
2551	26
2552	21
2553	32
2554	24
2555	24
2556	24
2557	27
2558	20
2559	26
2560	24
2561	25
2562	29
2563	28
2564	27
2565	20
2566	26
2567	23
2568	23
2569	21
2570	22
2571	27
2572	25
2573	23
2574	24
2575	20
2576	18
2577	19
2578	25
2579	18
2580	20
2581	26
2582	25
2583	27
2584	24
2585	22
2586	27
2587	22
2588	25
2589	28
2590	22
2591	19
2592	21
2593	17
2594	28
2595	26
2596	22
2597	21
2598	15
2599	25
2600	22
2601	29
2602	24
2603	22
2604	22
2605	18
2606	21
2607	19
2608	12
2609	20
2610	25
2611	22
2612	24
2613	20
2614	22
2615	21
2616	18
2617	15
2618	15
2619	25
2620	21
2621	22
2622	21
2623	22
2624	17
2625	24
2626	21
2627	19
2628	15
2629	19
2630	22
2631	21
2632	18
2633	19
2634	14
2635	21
2636	19
2637	19
2638	21
2639	19
2640	20
2641	16
2642	19
2643	15
2644	15
2645	19
2646	19
2647	22
2648	16
2649	23
2650	18
2651	28
2652	20
2653	15
2654	16
2655	19
2656	20
2657	19
2658	21
2659	17
2660	16
2661	13
2662	21
2663	17
2664	18
2665	26
2666	16
2667	21
2668	18
2669	17
2670	16
2671	28
2672	19
2673	23
2674	16
2675	18
2676	23
2677	21
2678	15
2679	21
2680	18
2681	17
2682	14
2683	22
2684	17
2685	20
2686	16
2687	14
2688	15
2689	21
2690	22
2691	20
2692	25
2693	20
2694	19
2695	15
2696	17
2697	17
2698	20
2699	20
2700	14
2701	18
2702	18
2703	14
2704	16
2705	23
2706	17
2707	18
2708	18
2709	15
2710	20
2711	23
2712	21
2713	16
2714	16
2715	19
2716	29
2717	18
2718	21
2719	21
2720	17
2721	12
2722	17
2723	18
2724	16
2725	16
2726	21
2727	18
2728	16
2729	16
2730	19
2731	21
2732	19
2733	18
2734	22
2735	20
2736	16
2737	18
2738	13
2739	15
2740	19
2741	13
2742	19
2743	18
2744	19
2745	13
2746	15
2747	18
2748	13
2749	18
2750	16
2751	18
2752	13
2753	16
2754	15
2755	15
2756	17
2757	15
2758	16
2759	17
2760	17
2761	17
2762	14
2763	14
2764	16
2765	14
2766	18
2767	16
2768	18
2769	19
2770	14
2771	17
2772	13
2773	15
2774	18
2775	15
2776	16
2777	17
2778	15
2779	14
2780	20
2781	20
2782	22
2783	13
2784	12
2785	18
2786	11
2787	15
2788	17
2789	13
2790	13
2791	15
2792	15
2793	13
2794	17
2795	10
2796	13
2797	12
2798	12
2799	18
2800	15
2801	14
2802	13
2803	19
2804	9
2805	16
2806	17
2807	16
2808	17
2809	15
2810	15
2811	15
2812	16
2813	15
2814	17
2815	21
2816	10
2817	10
2818	10
2819	15
2820	12
2821	15
2822	11
2823	18
2824	18
2825	16
2826	14
2827	12
2828	16
2829	15
2830	12
2831	14
2832	14
2833	15
2834	12
2835	12
2836	14
2837	13
2838	13
2839	20
2840	17
2841	19
2842	10
2843	12
2844	16
2845	16
2846	14
2847	15
2848	16
2849	12
2850	17
2851	12
2852	17
2853	18
2854	13
2855	16
2856	12
2857	12
2858	14
2859	19
2860	14
2861	13
2862	15
2863	12
2864	11
2865	13
2866	13
2867	11
2868	14
2869	11
2870	13
2871	16
2872	10
2873	11
2874	13
2875	14
2876	10
2877	11
2878	13
2879	15
2880	15
2881	12
2882	11
2883	7
2884	10
2885	15
2886	16
2887	13
2888	12
2889	14
2890	9
2891	10
2892	10
2893	9
2894	8
2895	11
2896	12
2897	18
2898	7
2899	9
2900	11
2901	18
2902	14
2903	13
2904	11
2905	15
2906	11
2907	10
2908	13
2909	9
2910	10
2911	11
2912	12
2913	15
2914	13
2915	9
2916	15
2917	10
2918	11
2919	7
2920	14
2921	10
2922	13
2923	10
2924	14
2925	9
2926	16
2927	8
2928	13
2929	12
2930	15
2931	11
2932	9
2933	9
2934	11
2935	11
2936	17
2937	9
2938	9
2939	15
2940	10
2941	14
2942	15
2943	11
2944	14
2945	11
2946	9
2947	16
2948	12
2949	10
2950	10
2951	12
2952	11
2953	9
2954	15
2955	15
2956	9
2957	12
2958	11
2959	9
2960	8
2961	12
2962	14
2963	9
2964	12
2965	11
2966	12
2967	13
2968	10
2969	10
2970	11
2971	18
2972	8
2973	11
2974	11
2975	14
2976	10
2977	9
2978	14
2979	11
2980	10
2981	10
2982	12
2983	11
2984	8
2985	12
2986	15
2987	8
2988	10
2989	12
2990	16
2991	10
2992	13
2993	15
2994	14
2995	10
2996	15
2997	10
2998	15
2999	10
3000	8
3001	12
3002	14
3003	11
3004	12
3005	12
3006	13
3007	15
3008	14
3009	11
3010	12
3011	12
3012	14
3013	17
3014	8
3015	10
3016	20
3017	13
3018	14
3019	10
3020	15
3021	14
3022	13
3023	14
3024	12
3025	12
3026	11
3027	12
3028	13
3029	10
3030	10
3031	8
3032	16
3033	16
3034	9
3035	11
3036	16
3037	10
3038	13
3039	17
3040	15
3041	10
3042	13
3043	11
3044	11
3045	15
3046	15
3047	11
3048	10
3049	15
3050	19
3051	14
3052	17
3053	18
3054	14
3055	17
3056	15
3057	13
3058	16
3059	16
3060	19
3061	15
3062	14
3063	16
3064	10
3065	18
3066	15
3067	15
3068	19
3069	11
3070	14
3071	16
3072	13
3073	18
3074	16
3075	17
3076	13
3077	17
3078	17
3079	16
3080	21
3081	19
3082	17
3083	12
3084	20
3085	21
3086	15
3087	20
3088	18
3089	18
3090	14
3091	24
3092	20
3093	19
3094	18
3095	19
3096	16
3097	14
3098	17
3099	24
3100	22
3101	11
3102	19
3103	18
3104	18
3105	24
3106	14
3107	25
3108	20
3109	22
3110	23
3111	20
3112	19
3113	18
3114	17
3115	22
3116	19
3117	20
3118	23
3119	19
3120	30
3121	25
3122	22
3123	28
3124	27
3125	22
3126	29
3127	25
3128	27
3129	20
3130	16
3131	26
3132	18
3133	22
3134	26
3135	23
3136	27
3137	22
3138	24
3139	20
3140	28
3141	25
3142	28
3143	29
3144	25
3145	28
3146	32
3147	33
3148	36
3149	30
3150	29
3151	21
3152	27
3153	41
3154	27
3155	32
3156	28
3157	30
3158	32
3159	32
3160	35
3161	32
3162	33
3163	40
3164	33
3165	29
3166	31
3167	26
3168	32
3169	35
3170	33
3171	35
3172	36
3173	40
3174	29
3175	35
3176	33
3177	42
3178	39
3179	40
3180	38
3181	40
3182	35
3183	39
3184	48
3185	44
3186	46
3187	47
3188	34
3189	39
3190	44
3191	43
3192	45
3193	45
3194	40
3195	43
3196	46
3197	39
3198	41
3199	41
3200	47
3201	44
3202	42
3203	47
3204	41
3205	50
3206	42
3207	46
3208	51
3209	51
3210	46
3211	44
3212	38
3213	52
3214	41
3215	44
3216	56
3217	49
3218	44
3219	55
3220	55
3221	51
3222	49
3223	57
3224	47
3225	50
3226	54
3227	48
3228	42
3229	52
3230	60
3231	48
3232	58
3233	53
3234	52
3235	53
3236	48
3237	51
3238	48
3239	63
3240	48
3241	54
3242	58
3243	50
3244	57
3245	66
3246	59
3247	56
3248	51
3249	50
3250	60
3251	51
3252	51
3253	47
3254	48
3255	59
3256	53
3257	47
3258	54
3259	56
3260	51
3261	49
3262	64
3263	58
3264	62
3265	57
3266	54
3267	59
3268	55
3269	49
3270	53
3271	43
3272	52
3273	52
3274	51
3275	57
3276	53
3277	56
3278	45
3279	57
3280	48
3281	49
3282	53
3283	50
3284	61
3285	50
3286	51
3287	51
3288	51
3289	45
3290	47
3291	46
3292	52
3293	47
3294	52
3295	54
3296	48
3297	53
3298	48
3299	47
3300	47
3301	41
3302	55
3303	42
3304	49
3305	39
3306	45
3307	50
3308	50
3309	43
3310	39
3311	44
3312	38
3313	47
3314	39
3315	46
3316	43
3317	43
3318	45
3319	39
3320	38
3321	39
3322	33
3323	39
3324	34
3325	34
3326	45
3327	38
3328	47
3329	34
3330	39
3331	37
3332	41
3333	38
3334	44
3335	41
3336	35
3337	28
3338	37
3339	27
3340	34
3341	33
3342	27
3343	37
3344	25
3345	30
3346	30
3347	28
3348	35
3349	36
3350	26
3351	24
3352	33
3353	28
3354	25
3355	30
3356	26
3357	29
3358	22
3359	27
3360	26
3361	27
3362	21
3363	21
3364	29
3365	32
3366	25
3367	25
3368	23
3369	22
3370	23
3371	24
3372	25
3373	17
3374	24
3375	19
3376	19
3377	19
3378	19
3379	26
3380	17
3381	13
3382	20
3383	14
3384	22
3385	18
3386	16
3387	11
3388	18
3389	16
3390	13
3391	13
3392	14
3393	17
3394	14
3395	18
3396	19
3397	16
3398	19
3399	14
3400	9
3401	14
3402	11
3403	10
3404	11
3405	15
3406	13
3407	14
3408	12
3409	10
3410	12
3411	10
3412	9
3413	14
3414	17
3415	9
3416	12
3417	11
3418	17
3419	11
3420	11
3421	9
3422	8
3423	8
3424	11
3425	13
3426	10
3427	9
3428	9
3429	13
3430	12
3431	8
3432	7
3433	9
3434	7
3435	10
3436	4
3437	8
3438	15
3439	9
3440	10
3441	8
3442	5
3443	9
3444	5
3445	8
3446	4
3447	7
3448	7
3449	4
3450	5
3451	6
3452	15
3453	6
3454	6
3455	8
3456	8
3457	8
3458	5
3459	5
3460	5
3461	7
3462	9
3463	8
3464	6
3465	5
3466	12
3467	6
3468	7
3469	11
3470	6
3471	5
3472	6
3473	8
3474	4
3475	7
3476	9
3477	9
3478	4
3479	6
3480	6
3481	7
3482	6
3483	7
3484	7
3485	8
3486	6
3487	7
3488	4
3489	6
3490	9
3491	7
3492	11
3493	5
3494	5
3495	7
3496	7
3497	3
3498	3
3499	7
3500	4
3501	6
3502	8
3503	7
3504	9
3505	8
3506	8
3507	5
3508	5
3509	4
3510	5
3511	11
3512	4
3513	5
3514	7
3515	4
3516	7
3517	8
3518	7
3519	6
3520	7
3521	7
3522	6
3523	2
3524	8
3525	7
3526	7
3527	6
3528	6
3529	6
3530	5
3531	5
3532	6
3533	6
3534	7
3535	5
3536	4
3537	5
3538	6
3539	9
3540	8
3541	3
3542	9
3543	6
3544	10
3545	7
3546	4
3547	3
3548	8
3549	5
3550	6
3551	7
3552	5
3553	5
3554	7
3555	6
3556	5
3557	7
3558	6
3559	5
3560	4
3561	7
3562	7
3563	7
3564	7
3565	5
3566	8
3567	8
3568	7
3569	7
3570	7
3571	6
3572	3
3573	6
3574	6
3575	4
3576	4
3577	6
3578	4
3579	7
3580	6
3581	5
3582	8
3583	5
3584	9
3585	5
3586	6
3587	9
3588	5
3589	6
3590	6
3591	7
3592	8
3593	7
3594	8
3595	6
3596	5
3597	5
3598	5
3599	9
3600	7
3601	5
3602	4
3603	6
3604	3
3605	6
3606	5
3607	8
3608	9
3609	5
3610	4
3611	5
3612	6
3613	2
3614	5
3615	7
3616	8
3617	8
3618	7
3619	6
3620	3
3621	4
3622	3
3623	6
3624	7
3625	9
3626	5
3627	6
3628	10
3629	5
3630	4
3631	5
3632	5
3633	3
3634	5
3635	8
3636	7
3637	9
3638	6
3639	11
3640	5
3641	5
3642	4
3643	4
3644	5
3645	6
3646	5
3647	6
3648	5
3649	7
3650	7
3651	2
3652	4
3653	5
3654	4
3655	5
3656	8
3657	1
3658	9
3659	4
3660	5
3661	7
3662	6
3663	4
3664	5
3665	5
3666	6
3667	3
3668	4
3669	8
3670	9
3671	8
3672	3
3673	4
3674	6
3675	4
3676	5
3677	6
3678	6
3679	6
3680	6
3681	4
3682	4
3683	7
3684	6
3685	5
3686	5
3687	4
3688	1
3689	6
3690	3
3691	2
3692	4
3693	7
3694	4
3695	3
3696	6
3697	4
3698	5
3699	5
3700	5
3701	3
3702	3
3703	3
3704	8
3705	3
3706	3
3707	7
3708	3
3709	4
3710	4
3711	6
3712	7
3713	7
3714	6
3715	4
3716	9
3717	5
3718	2
3719	6
3720	6
3721	8
3722	5
3723	5
3724	5
3725	4
3726	4
3727	5
3728	2
3729	4
3730	7
3731	5
3732	4
3733	5
3734	4
3735	6
3736	6
3737	5
3738	5
3739	4
3740	5
3741	6
3742	4
3743	5
3744	5
3745	5
3746	5
3747	2
3748	4
3749	5
3750	4
3751	4
3752	6
3753	4
3754	6
3755	5
3756	4
3757	6
3758	4
3759	5
3760	6
3761	4
3762	5
3763	2
3764	2
3765	2
3766	3
3767	4
3768	5
3769	3
3770	4
3771	7
3772	4
3773	2
3774	4
3775	4
3776	5
3777	7
3778	4
3779	5
3780	5
3781	5
3782	3
3783	7
3784	4
3785	3
3786	3
3787	5
3788	5
3789	4
3790	5
3791	5
3792	4
3793	7
3794	3
3795	4
3796	6
3797	5
3798	7
3799	4
3800	3
3801	3
3802	2
3803	3
3804	9
3805	4
3806	7
3807	4
3808	6
3809	4
3810	3
3811	6
3812	7
3813	4
3814	4
3815	8
3816	6
3817	4
3818	5
3819	4
3820	7
3821	4
3822	7
3823	6
3824	5
3825	4
3826	4
3827	6
3828	5
3829	10
3830	7
3831	5
3832	3
3833	8
3834	4
3835	7
3836	5
3837	4
3838	5
3839	7
3840	10
3841	6
3842	4
3843	7
3844	6
3845	4
3846	8
3847	6
3848	3
3849	5
3850	7
3851	4
3852	9
3853	10
3854	4
3855	5
3856	7
3857	5
3858	6
3859	4
3860	6
3861	8
3862	9
3863	7
3864	4
3865	6
3866	2
3867	10
3868	8
3869	6
3870	6
3871	6
3872	9
3873	8
3874	8
3875	8
3876	8
3877	8
3878	8
3879	6
3880	8
3881	9
3882	6
3883	10
3884	5
3885	9
3886	7
3887	6
3888	6
3889	7
3890	5
3891	5
3892	4
3893	9
3894	4
3895	8
3896	4
3897	7
3898	5
3899	7
3900	9
3901	6
3902	11
3903	8
3904	5
3905	6
3906	9
3907	5
3908	7
3909	4
3910	5
3911	8
3912	8
3913	8
3914	8
3915	9
3916	3
3917	7
3918	6
3919	10
3920	9
3921	8
3922	9
3923	9
3924	8
3925	5
3926	5
3927	5
3928	6
3929	5
3930	6
3931	8
3932	8
3933	7
3934	7
3935	5
3936	8
3937	3
3938	7
3939	7
3940	9
3941	4
3942	6
3943	5
3944	8
3945	5
3946	5
3947	8
3948	6
3949	5
3950	9
3951	5
3952	5
3953	6
3954	5
3955	7
3956	4
3957	6
3958	10
3959	6
3960	7
3961	5
3962	7
3963	7
3964	6
3965	6
3966	4
3967	5
3968	11
3969	8
3970	6
3971	7
3972	8
3973	7
3974	7
3975	7
3976	3
3977	6
3978	6
3979	5
3980	9
3981	5
3982	7
3983	8
3984	8
3985	9
3986	6
3987	7
3988	6
3989	7
3990	8
3991	7
3992	8
3993	5
3994	6
3995	5
3996	2
3997	9
3998	7
3999	5
4000	5
4001	7
4002	6
4003	4
4004	4
4005	9
4006	7
4007	5
4008	7
4009	3
4010	4
4011	7
4012	7
4013	5
4014	6
4015	3
4016	6
4017	3
4018	8
4019	8
4020	5
4021	5
4022	6
4023	4
4024	7
4025	5
4026	3
4027	4
4028	2
4029	5
4030	4
4031	6
4032	4
4033	5
4034	3
4035	4
4036	7
4037	3
4038	4
4039	3
4040	4
4041	5
4042	2
4043	7
4044	6
4045	5
4046	6
4047	5
4048	7
4049	4
4050	2
4051	3
4052	3
4053	5
4054	3
4055	2
4056	5
4057	3
4058	2
4059	5
4060	4
4061	4
4062	2
4063	4
4064	2
4065	4
4066	3
4067	4
4068	5
4069	4
4070	6
4071	4
4072	4
4073	5
4074	3
4075	6
4076	5
4077	3
4078	7
4079	7
4080	4
4081	4
4082	1
4083	4
4084	3
4085	3
4086	5
4087	3
4088	5
4089	7
4090	4
4091	3
4092	3
4093	6
4094	2
4095	2
