Channel	Average_Counts
0	0
1	0
2	0
3	0
4	0
5	0
6	0
7	0
8	0
9	0
10	0
11	0
12	0
13	0
14	0
15	0
16	0
17	0
18	0
19	0
20	0
21	0
22	0
23	0
24	0
25	0
26	0
27	0
28	0
29	0
30	0
31	0
32	0
33	0
34	0
35	0
36	0
37	0
38	0
39	0
40	0
41	0
42	0
43	0
44	0
45	0
46	0
47	0
48	0
49	0
50	0
51	0
52	0
53	0
54	1
55	0
56	0
57	0
58	0
59	0
60	0
61	0
62	0
63	0
64	0
65	0
66	0
67	0
68	0
69	0
70	0
71	0
72	0
73	0
74	0
75	0
76	0
77	0
78	0
79	0
80	0
81	1
82	0
83	0
84	0
85	0
86	1
87	1
88	1
89	0
90	1
91	0
92	1
93	1
94	1
95	0
96	1
97	1
98	0
99	0
100	0
101	0
102	0
103	0
104	0
105	0
106	0
107	0
108	0
109	0
110	0
111	0
112	0
113	0
114	0
115	1
116	0
117	0
118	0
119	0
120	0
121	0
122	1
123	0
124	0
125	0
126	0
127	1
128	0
129	0
130	0
131	0
132	0
133	0
134	0
135	0
136	1
137	42
138	300
139	920
140	1313
141	1402
142	1400
143	1378
144	1350
145	1429
146	1388
147	1370
148	1323
149	1330
150	1358
151	1355
152	1315
153	1335
154	1308
155	1319
156	1289
157	1363
158	1272
159	1238
160	1306
161	1280
162	1279
163	1218
164	1257
165	1301
166	1236
167	1207
168	1253
169	1261
170	1227
171	1217
172	1204
173	1219
174	1197
175	1166
176	1169
177	1199
178	1130
179	1174
180	1127
181	1163
182	1138
183	1174
184	1144
185	1139
186	1106
187	1075
188	1085
189	1111
190	1056
191	1112
192	1089
193	1094
194	1043
195	1048
196	1044
197	1012
198	1013
199	1021
200	1032
201	1029
202	993
203	991
204	1004
205	1027
206	991
207	1032
208	947
209	983
210	990
211	962
212	946
213	989
214	949
215	943
216	918
217	924
218	874
219	905
220	868
221	898
222	898
223	877
224	858
225	870
226	911
227	876
228	879
229	854
230	857
231	850
232	822
233	823
234	845
235	840
236	814
237	862
238	808
239	830
240	805
241	836
242	791
243	809
244	737
245	776
246	781
247	810
248	769
249	791
250	769
251	751
252	769
253	801
254	748
255	787
256	776
257	778
258	734
259	734
260	739
261	767
262	723
263	762
264	701
265	750
266	700
267	723
268	716
269	724
270	702
271	670
272	692
273	669
274	666
275	702
276	701
277	703
278	700
279	667
280	632
281	656
282	671
283	668
284	629
285	672
286	669
287	684
288	682
289	658
290	634
291	639
292	645
293	675
294	647
295	644
296	617
297	597
298	607
299	642
300	573
301	596
302	601
303	593
304	630
305	624
306	607
307	614
308	609
309	626
310	610
311	638
312	610
313	626
314	621
315	601
316	613
317	619
318	627
319	612
320	592
321	621
322	641
323	614
324	590
325	634
326	637
327	618
328	640
329	624
330	598
331	595
332	589
333	595
334	570
335	568
336	555
337	577
338	565
339	562
340	574
341	532
342	539
343	539
344	519
345	532
346	512
347	506
348	485
349	521
350	490
351	484
352	436
353	476
354	446
355	444
356	455
357	463
358	424
359	449
360	443
361	414
362	401
363	425
364	434
365	423
366	421
367	426
368	390
369	428
370	394
371	413
372	379
373	422
374	380
375	414
376	404
377	366
378	385
379	377
380	389
381	399
382	384
383	388
384	399
385	390
386	375
387	365
388	343
389	387
390	364
391	368
392	371
393	347
394	345
395	389
396	357
397	365
398	383
399	379
400	351
401	354
402	355
403	339
404	369
405	360
406	370
407	342
408	380
409	348
410	340
411	353
412	336
413	341
414	336
415	340
416	330
417	342
418	330
419	319
420	315
421	350
422	329
423	338
424	309
425	353
426	318
427	304
428	324
429	315
430	316
431	295
432	275
433	290
434	295
435	284
436	318
437	308
438	297
439	301
440	300
441	292
442	296
443	276
444	302
445	305
446	280
447	296
448	299
449	286
450	292
451	276
452	268
453	276
454	290
455	272
456	296
457	295
458	308
459	271
460	280
461	298
462	274
463	280
464	305
465	280
466	287
467	269
468	293
469	254
470	280
471	318
472	300
473	281
474	283
475	294
476	290
477	287
478	274
479	288
480	293
481	273
482	278
483	290
484	266
485	277
486	281
487	306
488	298
489	262
490	258
491	284
492	254
493	275
494	251
495	284
496	267
497	276
498	267
499	258
500	272
501	254
502	237
503	259
504	262
505	251
506	258
507	240
508	244
509	238
510	236
511	236
512	246
513	239
514	222
515	208
516	221
517	218
518	227
519	208
520	209
521	207
522	194
523	210
524	197
525	193
526	205
527	198
528	210
529	198
530	186
531	191
532	188
533	191
534	198
535	181
536	193
537	183
538	188
539	173
540	174
541	208
542	189
543	187
544	180
545	184
546	175
547	184
548	154
549	175
550	170
551	178
552	181
553	173
554	172
555	174
556	161
557	185
558	164
559	175
560	190
561	171
562	161
563	167
564	174
565	166
566	179
567	176
568	166
569	153
570	151
571	169
572	158
573	157
574	173
575	169
576	167
577	165
578	150
579	161
580	161
581	163
582	167
583	170
584	171
585	176
586	158
587	168
588	151
589	168
590	155
591	160
592	154
593	150
594	157
595	142
596	157
597	142
598	156
599	149
600	141
601	155
602	169
603	139
604	153
605	146
606	160
607	139
608	154
609	153
610	167
611	160
612	143
613	144
614	158
615	157
616	156
617	146
618	128
619	137
620	148
621	146
622	142
623	139
624	154
625	138
626	123
627	156
628	145
629	145
630	133
631	150
632	147
633	145
634	136
635	147
636	157
637	141
638	156
639	135
640	135
641	135
642	138
643	139
644	134
645	146
646	143
647	150
648	132
649	152
650	140
651	148
652	137
653	143
654	122
655	142
656	142
657	140
658	146
659	138
660	124
661	145
662	130
663	136
664	142
665	138
666	133
667	135
668	133
669	132
670	117
671	121
672	138
673	138
674	139
675	140
676	142
677	129
678	133
679	151
680	124
681	139
682	126
683	135
684	147
685	124
686	136
687	141
688	139
689	127
690	122
691	137
692	123
693	137
694	142
695	128
696	137
697	126
698	135
699	130
700	133
701	129
702	144
703	138
704	135
705	135
706	136
707	144
708	135
709	147
710	130
711	136
712	136
713	137
714	139
715	138
716	117
717	124
718	141
719	139
720	136
721	133
722	123
723	129
724	124
725	128
726	124
727	137
728	134
729	130
730	131
731	108
732	119
733	119
734	116
735	126
736	121
737	133
738	135
739	107
740	119
741	111
742	120
743	127
744	113
745	121
746	114
747	128
748	110
749	117
750	112
751	115
752	116
753	113
754	117
755	117
756	114
757	116
758	115
759	109
760	112
761	116
762	111
763	122
764	126
765	121
766	109
767	98
768	118
769	107
770	116
771	120
772	101
773	115
774	106
775	135
776	109
777	117
778	113
779	110
780	119
781	113
782	102
783	118
784	114
785	116
786	108
787	108
788	121
789	116
790	116
791	125
792	121
793	113
794	126
795	121
796	114
797	124
798	108
799	113
800	124
801	116
802	123
803	129
804	119
805	120
806	129
807	125
808	132
809	135
810	127
811	125
812	120
813	141
814	135
815	127
816	120
817	138
818	144
819	134
820	126
821	138
822	151
823	154
824	140
825	146
826	121
827	135
828	137
829	141
830	140
831	140
832	142
833	142
834	149
835	131
836	134
837	149
838	147
839	148
840	151
841	137
842	128
843	136
844	153
845	134
846	122
847	139
848	136
849	130
850	136
851	127
852	134
853	139
854	124
855	135
856	133
857	128
858	141
859	135
860	131
861	137
862	107
863	132
864	140
865	116
866	107
867	118
868	118
869	122
870	122
871	127
872	114
873	116
874	106
875	95
876	119
877	115
878	115
879	102
880	97
881	91
882	95
883	95
884	107
885	106
886	107
887	94
888	82
889	88
890	93
891	95
892	90
893	96
894	85
895	96
896	88
897	110
898	86
899	81
900	75
901	93
902	94
903	83
904	77
905	85
906	79
907	81
908	76
909	80
910	82
911	86
912	84
913	67
914	78
915	78
916	78
917	71
918	74
919	63
920	77
921	74
922	89
923	68
924	75
925	60
926	76
927	59
928	82
929	70
930	79
931	69
932	67
933	64
934	62
935	72
936	68
937	68
938	61
939	64
940	68
941	77
942	72
943	73
944	71
945	64
946	73
947	61
948	65
949	55
950	62
951	68
952	68
953	73
954	61
955	71
956	68
957	69
958	76
959	56
960	77
961	63
962	71
963	57
964	75
965	67
966	66
967	61
968	61
969	67
970	66
971	71
972	72
973	63
974	74
975	61
976	68
977	65
978	78
979	67
980	69
981	56
982	66
983	65
984	66
985	63
986	73
987	72
988	70
989	59
990	67
991	59
992	75
993	65
994	61
995	63
996	63
997	71
998	67
999	60
1000	61
1001	67
1002	67
1003	65
1004	64
1005	73
1006	60
1007	68
1008	74
1009	60
1010	68
1011	60
1012	66
1013	70
1014	73
1015	57
1016	68
1017	64
1018	63
1019	69
1020	71
1021	69
1022	69
1023	60
1024	69
1025	67
1026	69
1027	66
1028	68
1029	65
1030	70
1031	61
1032	59
1033	63
1034	59
1035	77
1036	72
1037	61
1038	66
1039	59
1040	62
1041	65
1042	51
1043	67
1044	72
1045	72
1046	63
1047	59
1048	64
1049	73
1050	63
1051	62
1052	72
1053	67
1054	65
1055	53
1056	70
1057	52
1058	54
1059	78
1060	63
1061	61
1062	66
1063	68
1064	57
1065	63
1066	67
1067	62
1068	63
1069	65
1070	65
1071	55
1072	54
1073	54
1074	67
1075	66
1076	61
1077	59
1078	69
1079	64
1080	67
1081	71
1082	54
1083	65
1084	62
1085	67
1086	59
1087	65
1088	56
1089	55
1090	64
1091	59
1092	51
1093	60
1094	63
1095	63
1096	71
1097	55
1098	59
1099	53
1100	63
1101	61
1102	63
1103	51
1104	58
1105	61
1106	58
1107	60
1108	47
1109	66
1110	61
1111	57
1112	52
1113	56
1114	68
1115	56
1116	55
1117	60
1118	65
1119	60
1120	63
1121	61
1122	55
1123	60
1124	59
1125	54
1126	51
1127	60
1128	62
1129	59
1130	49
1131	61
1132	58
1133	46
1134	60
1135	53
1136	55
1137	51
1138	65
1139	43
1140	57
1141	57
1142	61
1143	62
1144	61
1145	52
1146	50
1147	50
1148	62
1149	54
1150	56
1151	52
1152	49
1153	58
1154	53
1155	55
1156	65
1157	59
1158	57
1159	51
1160	61
1161	53
1162	52
1163	56
1164	49
1165	62
1166	56
1167	53
1168	58
1169	60
1170	59
1171	59
1172	58
1173	48
1174	39
1175	58
1176	46
1177	48
1178	48
1179	54
1180	58
1181	46
1182	52
1183	46
1184	53
1185	51
1186	61
1187	54
1188	59
1189	47
1190	53
1191	47
1192	54
1193	45
1194	53
1195	51
1196	53
1197	44
1198	56
1199	52
1200	56
1201	47
1202	61
1203	55
1204	48
1205	57
1206	60
1207	51
1208	63
1209	53
1210	56
1211	56
1212	56
1213	52
1214	46
1215	53
1216	50
1217	53
1218	57
1219	47
1220	46
1221	51
1222	47
1223	57
1224	52
1225	51
1226	53
1227	52
1228	60
1229	54
1230	50
1231	55
1232	45
1233	53
1234	48
1235	61
1236	63
1237	57
1238	53
1239	66
1240	67
1241	56
1242	52
1243	62
1244	59
1245	62
1246	55
1247	58
1248	50
1249	50
1250	58
1251	62
1252	58
1253	66
1254	66
1255	62
1256	64
1257	56
1258	54
1259	57
1260	55
1261	60
1262	62
1263	58
1264	66
1265	60
1266	61
1267	64
1268	55
1269	57
1270	65
1271	74
1272	64
1273	63
1274	62
1275	69
1276	60
1277	62
1278	62
1279	58
1280	67
1281	55
1282	62
1283	71
1284	66
1285	66
1286	65
1287	61
1288	71
1289	70
1290	59
1291	70
1292	77
1293	51
1294	65
1295	60
1296	72
1297	61
1298	63
1299	58
1300	56
1301	56
1302	64
1303	60
1304	55
1305	65
1306	54
1307	71
1308	70
1309	53
1310	54
1311	57
1312	62
1313	58
1314	55
1315	61
1316	65
1317	64
1318	61
1319	65
1320	69
1321	66
1322	57
1323	63
1324	57
1325	57
1326	61
1327	53
1328	42
1329	59
1330	57
1331	59
1332	52
1333	54
1334	59
1335	59
1336	55
1337	62
1338	54
1339	54
1340	63
1341	65
1342	62
1343	63
1344	58
1345	60
1346	55
1347	49
1348	55
1349	51
1350	59
1351	52
1352	58
1353	64
1354	61
1355	68
1356	57
1357	59
1358	58
1359	54
1360	61
1361	48
1362	49
1363	53
1364	56
1365	52
1366	66
1367	47
1368	56
1369	58
1370	57
1371	41
1372	54
1373	47
1374	52
1375	52
1376	49
1377	59
1378	47
1379	65
1380	52
1381	56
1382	44
1383	53
1384	53
1385	53
1386	47
1387	55
1388	44
1389	45
1390	55
1391	48
1392	46
1393	52
1394	51
1395	49
1396	46
1397	50
1398	50
1399	60
1400	45
1401	51
1402	40
1403	34
1404	33
1405	46
1406	52
1407	39
1408	48
1409	44
1410	44
1411	44
1412	48
1413	49
1414	39
1415	42
1416	39
1417	41
1418	39
1419	37
1420	47
1421	48
1422	43
1423	37
1424	38
1425	39
1426	44
1427	37
1428	42
1429	38
1430	40
1431	35
1432	43
1433	42
1434	33
1435	35
1436	36
1437	29
1438	33
1439	37
1440	37
1441	35
1442	37
1443	35
1444	40
1445	33
1446	30
1447	29
1448	39
1449	38
1450	37
1451	35
1452	32
1453	38
1454	43
1455	41
1456	32
1457	34
1458	33
1459	43
1460	35
1461	37
1462	35
1463	40
1464	34
1465	38
1466	39
1467	27
1468	42
1469	33
1470	37
1471	29
1472	37
1473	35
1474	34
1475	38
1476	36
1477	35
1478	33
1479	32
1480	33
1481	44
1482	36
1483	35
1484	41
1485	36
1486	36
1487	39
1488	33
1489	32
1490	29
1491	33
1492	35
1493	28
1494	33
1495	35
1496	40
1497	35
1498	30
1499	34
1500	34
1501	33
1502	26
1503	29
1504	33
1505	35
1506	39
1507	28
1508	27
1509	37
1510	30
1511	34
1512	34
1513	32
1514	33
1515	40
1516	43
1517	36
1518	33
1519	35
1520	37
1521	37
1522	33
1523	28
1524	34
1525	36
1526	31
1527	36
1528	36
1529	39
1530	31
1531	35
1532	34
1533	40
1534	44
1535	28
1536	45
1537	29
1538	47
1539	38
1540	42
1541	39
1542	37
1543	32
1544	40
1545	35
1546	31
1547	38
1548	42
1549	38
1550	43
1551	28
1552	40
1553	34
1554	30
1555	36
1556	38
1557	41
1558	41
1559	36
1560	34
1561	35
1562	39
1563	42
1564	39
1565	37
1566	37
1567	36
1568	38
1569	34
1570	36
1571	40
1572	39
1573	41
1574	44
1575	38
1576	49
1577	37
1578	35
1579	43
1580	34
1581	47
1582	40
1583	37
1584	38
1585	40
1586	34
1587	41
1588	41
1589	43
1590	43
1591	48
1592	32
1593	43
1594	41
1595	42
1596	44
1597	32
1598	42
1599	42
1600	41
1601	35
1602	38
1603	35
1604	33
1605	35
1606	44
1607	34
1608	40
1609	33
1610	38
1611	34
1612	32
1613	40
1614	40
1615	39
1616	35
1617	39
1618	37
1619	42
1620	36
1621	33
1622	36
1623	29
1624	39
1625	40
1626	27
1627	29
1628	34
1629	32
1630	35
1631	31
1632	41
1633	38
1634	37
1635	38
1636	30
1637	34
1638	40
1639	31
1640	31
1641	40
1642	38
1643	33
1644	35
1645	32
1646	30
1647	36
1648	33
1649	34
1650	29
1651	30
1652	33
1653	31
1654	40
1655	37
1656	36
1657	28
1658	32
1659	33
1660	36
1661	39
1662	31
1663	34
1664	31
1665	33
1666	36
1667	30
1668	28
1669	41
1670	26
1671	24
1672	34
1673	26
1674	31
1675	36
1676	29
1677	32
1678	29
1679	28
1680	25
1681	43
1682	29
1683	24
1684	30
1685	29
1686	33
1687	29
1688	28
1689	22
1690	28
1691	31
1692	32
1693	33
1694	30
1695	31
1696	29
1697	26
1698	27
1699	25
1700	34
1701	27
1702	29
1703	21
1704	23
1705	29
1706	28
1707	27
1708	24
1709	26
1710	30
1711	29
1712	32
1713	36
1714	32
1715	31
1716	24
1717	34
1718	29
1719	24
1720	29
1721	27
1722	24
1723	23
1724	21
1725	27
1726	27
1727	29
1728	27
1729	29
1730	22
1731	22
1732	25
1733	16
1734	28
1735	24
1736	32
1737	21
1738	21
1739	23
1740	26
1741	21
1742	29
1743	27
1744	20
1745	26
1746	24
1747	29
1748	22
1749	22
1750	28
1751	26
1752	26
1753	26
1754	28
1755	28
1756	29
1757	32
1758	23
1759	24
1760	26
1761	21
1762	26
1763	21
1764	25
1765	24
1766	23
1767	28
1768	27
1769	21
1770	27
1771	28
1772	25
1773	21
1774	19
1775	23
1776	23
1777	20
1778	26
1779	27
1780	26
1781	24
1782	25
1783	26
1784	27
1785	21
1786	21
1787	23
1788	24
1789	25
1790	25
1791	21
1792	19
1793	22
1794	23
1795	23
1796	18
1797	22
1798	25
1799	27
1800	19
1801	25
1802	23
1803	23
1804	22
1805	18
1806	22
1807	21
1808	19
1809	22
1810	19
1811	16
1812	18
1813	25
1814	20
1815	21
1816	20
1817	23
1818	17
1819	18
1820	28
1821	20
1822	22
1823	24
1824	18
1825	16
1826	16
1827	20
1828	19
1829	17
1830	20
1831	20
1832	20
1833	22
1834	22
1835	15
1836	18
1837	23
1838	22
1839	22
1840	23
1841	20
1842	14
1843	21
1844	17
1845	16
1846	17
1847	20
1848	19
1849	21
1850	20
1851	19
1852	21
1853	12
1854	18
1855	20
1856	18
1857	17
1858	18
1859	12
1860	20
1861	19
1862	25
1863	18
1864	13
1865	17
1866	18
1867	21
1868	16
1869	19
1870	15
1871	20
1872	19
1873	18
1874	16
1875	24
1876	20
1877	22
1878	21
1879	20
1880	18
1881	20
1882	24
1883	19
1884	17
1885	18
1886	21
1887	18
1888	21
1889	21
1890	17
1891	16
1892	23
1893	26
1894	21
1895	24
1896	23
1897	21
1898	18
1899	29
1900	18
1901	25
1902	19
1903	21
1904	22
1905	27
1906	20
1907	22
1908	29
1909	14
1910	26
1911	21
1912	28
1913	24
1914	35
1915	25
1916	24
1917	23
1918	25
1919	18
1920	21
1921	25
1922	31
1923	26
1924	25
1925	30
1926	29
1927	35
1928	27
1929	33
1930	31
1931	33
1932	25
1933	29
1934	25
1935	27
1936	28
1937	34
1938	32
1939	29
1940	31
1941	32
1942	36
1943	40
1944	32
1945	37
1946	33
1947	36
1948	34
1949	23
1950	36
1951	32
1952	40
1953	40
1954	36
1955	36
1956	34
1957	35
1958	26
1959	35
1960	33
1961	44
1962	46
1963	40
1964	49
1965	43
1966	55
1967	45
1968	38
1969	53
1970	41
1971	53
1972	42
1973	45
1974	45
1975	51
1976	46
1977	57
1978	49
1979	50
1980	45
1981	57
1982	48
1983	46
1984	53
1985	53
1986	53
1987	68
1988	51
1989	63
1990	58
1991	71
1992	59
1993	63
1994	59
1995	59
1996	55
1997	57
1998	63
1999	73
2000	71
2001	68
2002	76
2003	64
2004	71
2005	78
2006	68
2007	63
2008	72
2009	74
2010	75
2011	73
2012	87
2013	78
2014	80
2015	71
2016	81
2017	91
2018	81
2019	86
2020	82
2021	96
2022	95
2023	98
2024	83
2025	85
2026	75
2027	89
2028	90
2029	65
2030	92
2031	86
2032	80
2033	87
2034	86
2035	97
2036	86
2037	84
2038	83
2039	72
2040	81
2041	75
2042	93
2043	82
2044	103
2045	88
2046	88
2047	85
2048	82
2049	90
2050	88
2051	84
2052	91
2053	76
2054	80
2055	75
2056	85
2057	77
2058	89
2059	89
2060	88
2061	80
2062	89
2063	83
2064	80
2065	80
2066	72
2067	80
2068	73
2069	65
2070	78
2071	81
2072	79
2073	85
2074	65
2075	74
2076	74
2077	64
2078	58
2079	63
2080	60
2081	58
2082	64
2083	59
2084	58
2085	51
2086	66
2087	65
2088	59
2089	62
2090	59
2091	46
2092	54
2093	44
2094	52
2095	42
2096	53
2097	51
2098	45
2099	51
2100	52
2101	44
2102	46
2103	40
2104	36
2105	36
2106	39
2107	51
2108	47
2109	36
2110	46
2111	46
2112	40
2113	33
2114	39
2115	37
2116	35
2117	30
2118	32
2119	30
2120	35
2121	27
2122	34
2123	23
2124	28
2125	35
2126	29
2127	27
2128	29
2129	32
2130	24
2131	25
2132	22
2133	26
2134	22
2135	22
2136	20
2137	22
2138	18
2139	19
2140	20
2141	16
2142	20
2143	17
2144	18
2145	20
2146	22
2147	16
2148	15
2149	14
2150	14
2151	15
2152	17
2153	16
2154	17
2155	12
2156	17
2157	11
2158	19
2159	15
2160	14
2161	14
2162	17
2163	18
2164	11
2165	16
2166	11
2167	12
2168	11
2169	14
2170	13
2171	15
2172	11
2173	11
2174	12
2175	12
2176	11
2177	8
2178	13
2179	12
2180	11
2181	10
2182	13
2183	11
2184	11
2185	9
2186	12
2187	11
2188	19
2189	13
2190	11
2191	10
2192	10
2193	9
2194	8
2195	10
2196	9
2197	13
2198	8
2199	12
2200	9
2201	14
2202	14
2203	4
2204	11
2205	12
2206	8
2207	9
2208	12
2209	12
2210	6
2211	10
2212	9
2213	12
2214	8
2215	12
2216	11
2217	10
2218	9
2219	11
2220	13
2221	9
2222	12
2223	6
2224	9
2225	9
2226	9
2227	14
2228	7
2229	11
2230	10
2231	12
2232	8
2233	10
2234	6
2235	15
2236	12
2237	14
2238	9
2239	12
2240	10
2241	9
2242	9
2243	8
2244	9
2245	10
2246	9
2247	13
2248	7
2249	9
2250	8
2251	10
2252	9
2253	12
2254	11
2255	14
2256	9
2257	9
2258	10
2259	9
2260	10
2261	10
2262	10
2263	11
2264	13
2265	13
2266	11
2267	11
2268	12
2269	13
2270	10
2271	10
2272	7
2273	9
2274	7
2275	10
2276	8
2277	7
2278	16
2279	12
2280	10
2281	12
2282	7
2283	8
2284	13
2285	4
2286	6
2287	5
2288	10
2289	7
2290	11
2291	10
2292	11
2293	9
2294	7
2295	9
2296	8
2297	15
2298	7
2299	7
2300	5
2301	6
2302	7
2303	12
2304	9
2305	8
2306	11
2307	7
2308	6
2309	8
2310	5
2311	9
2312	11
2313	9
2314	10
2315	9
2316	6
2317	7
2318	10
2319	10
2320	9
2321	6
2322	10
2323	8
2324	9
2325	10
2326	7
2327	6
2328	8
2329	5
2330	11
2331	9
2332	8
2333	8
2334	10
2335	8
2336	12
2337	7
2338	11
2339	8
2340	7
2341	10
2342	6
2343	10
2344	6
2345	7
2346	7
2347	9
2348	4
2349	10
2350	9
2351	4
2352	5
2353	12
2354	11
2355	6
2356	9
2357	8
2358	10
2359	7
2360	11
2361	7
2362	14
2363	8
2364	10
2365	9
2366	5
2367	8
2368	8
2369	7
2370	9
2371	7
2372	9
2373	6
2374	10
2375	9
2376	10
2377	7
2378	7
2379	7
2380	9
2381	12
2382	9
2383	6
2384	12
2385	11
2386	8
2387	8
2388	13
2389	11
2390	11
2391	8
2392	12
2393	7
2394	7
2395	7
2396	6
2397	8
2398	8
2399	8
2400	7
2401	10
2402	10
2403	9
2404	7
2405	15
2406	12
2407	7
2408	11
2409	13
2410	14
2411	8
2412	10
2413	7
2414	11
2415	11
2416	10
2417	9
2418	13
2419	8
2420	10
2421	12
2422	7
2423	10
2424	14
2425	10
2426	9
2427	12
2428	9
2429	10
2430	8
2431	10
2432	13
2433	7
2434	11
2435	12
2436	8
2437	16
2438	8
2439	6
2440	11
2441	6
2442	10
2443	9
2444	13
2445	9
2446	7
2447	9
2448	12
2449	11
2450	12
2451	20
2452	9
2453	13
2454	8
2455	16
2456	10
2457	19
2458	11
2459	5
2460	12
2461	10
2462	9
2463	14
2464	14
2465	13
2466	11
2467	9
2468	9
2469	13
2470	14
2471	11
2472	11
2473	15
2474	12
2475	13
2476	11
2477	10
2478	15
2479	13
2480	10
2481	12
2482	6
2483	11
2484	9
2485	9
2486	11
2487	8
2488	10
2489	10
2490	10
2491	5
2492	11
2493	11
2494	11
2495	9
2496	8
2497	10
2498	9
2499	9
2500	9
2501	10
2502	9
2503	7
2504	7
2505	11
2506	8
2507	8
2508	6
2509	6
2510	8
2511	10
2512	5
2513	8
2514	13
2515	9
2516	8
2517	7
2518	10
2519	8
2520	8
2521	9
2522	12
2523	8
2524	10
2525	6
2526	6
2527	7
2528	9
2529	5
2530	8
2531	5
2532	10
2533	9
2534	6
2535	4
2536	6
2537	5
2538	10
2539	6
2540	7
2541	6
2542	7
2543	6
2544	8
2545	7
2546	3
2547	5
2548	4
2549	8
2550	7
2551	7
2552	7
2553	6
2554	6
2555	3
2556	7
2557	8
2558	7
2559	7
2560	10
2561	6
2562	8
2563	5
2564	3
2565	7
2566	4
2567	7
2568	5
2569	5
2570	7
2571	5
2572	8
2573	9
2574	6
2575	6
2576	4
2577	7
2578	5
2579	5
2580	6
2581	7
2582	5
2583	7
2584	5
2585	6
2586	4
2587	5
2588	7
2589	4
2590	2
2591	5
2592	4
2593	3
2594	2
2595	5
2596	4
2597	4
2598	4
2599	7
2600	4
2601	6
2602	4
2603	2
2604	3
2605	7
2606	5
2607	7
2608	8
2609	5
2610	7
2611	6
2612	5
2613	2
2614	6
2615	6
2616	5
2617	8
2618	3
2619	5
2620	6
2621	2
2622	9
2623	5
2624	6
2625	7
2626	2
2627	6
2628	7
2629	4
2630	8
2631	7
2632	6
2633	5
2634	3
2635	4
2636	2
2637	6
2638	4
2639	4
2640	6
2641	8
2642	5
2643	6
2644	4
2645	8
2646	8
2647	5
2648	5
2649	4
2650	5
2651	3
2652	6
2653	4
2654	3
2655	4
2656	6
2657	5
2658	8
2659	4
2660	3
2661	5
2662	8
2663	4
2664	7
2665	7
2666	5
2667	4
2668	5
2669	5
2670	4
2671	3
2672	3
2673	5
2674	4
2675	4
2676	5
2677	5
2678	3
2679	6
2680	4
2681	3
2682	4
2683	3
2684	6
2685	7
2686	3
2687	3
2688	3
2689	4
2690	3
2691	4
2692	4
2693	5
2694	4
2695	5
2696	4
2697	4
2698	3
2699	5
2700	6
2701	3
2702	4
2703	2
2704	3
2705	1
2706	5
2707	4
2708	3
2709	6
2710	1
2711	4
2712	3
2713	5
2714	3
2715	5
2716	2
2717	3
2718	4
2719	3
2720	4
2721	5
2722	4
2723	7
2724	4
2725	5
2726	3
2727	2
2728	4
2729	4
2730	3
2731	4
2732	6
2733	5
2734	2
2735	5
2736	4
2737	4
2738	3
2739	5
2740	4
2741	4
2742	4
2743	4
2744	6
2745	4
2746	5
2747	3
2748	2
2749	5
2750	4
2751	3
2752	4
2753	2
2754	4
2755	4
2756	4
2757	2
2758	2
2759	3
2760	3
2761	3
2762	4
2763	4
2764	3
2765	6
2766	5
2767	3
2768	5
2769	4
2770	4
2771	5
2772	7
2773	4
2774	5
2775	4
2776	3
2777	5
2778	5
2779	5
2780	3
2781	4
2782	4
2783	5
2784	4
2785	3
2786	7
2787	2
2788	3
2789	2
2790	4
2791	3
2792	2
2793	6
2794	6
2795	5
2796	1
2797	4
2798	4
2799	2
2800	5
2801	5
2802	4
2803	6
2804	3
2805	6
2806	3
2807	4
2808	4
2809	3
2810	6
2811	5
2812	4
2813	4
2814	4
2815	2
2816	6
2817	4
2818	6
2819	1
2820	4
2821	5
2822	3
2823	5
2824	2
2825	3
2826	4
2827	3
2828	3
2829	4
2830	4
2831	2
2832	2
2833	4
2834	4
2835	4
2836	4
2837	4
2838	4
2839	5
2840	3
2841	4
2842	6
2843	7
2844	8
2845	4
2846	4
2847	6
2848	7
2849	9
2850	4
2851	3
2852	4
2853	7
2854	5
2855	3
2856	3
2857	2
2858	3
2859	4
2860	3
2861	6
2862	2
2863	2
2864	1
2865	2
2866	3
2867	6
2868	4
2869	5
2870	5
2871	7
2872	7
2873	5
2874	4
2875	3
2876	5
2877	7
2878	4
2879	4
2880	6
2881	2
2882	4
2883	6
2884	6
2885	4
2886	6
2887	9
2888	7
2889	9
2890	5
2891	5
2892	6
2893	4
2894	7
2895	10
2896	9
2897	6
2898	4
2899	3
2900	4
2901	5
2902	5
2903	5
2904	8
2905	3
2906	7
2907	5
2908	7
2909	5
2910	6
2911	3
2912	7
2913	6
2914	9
2915	5
2916	7
2917	3
2918	4
2919	6
2920	6
2921	8
2922	7
2923	5
2924	7
2925	5
2926	7
2927	6
2928	4
2929	4
2930	6
2931	5
2932	5
2933	9
2934	10
2935	6
2936	6
2937	2
2938	8
2939	8
2940	6
2941	5
2942	7
2943	6
2944	6
2945	8
2946	3
2947	10
2948	7
2949	7
2950	5
2951	6
2952	4
2953	5
2954	9
2955	7
2956	11
2957	8
2958	7
2959	6
2960	5
2961	6
2962	5
2963	6
2964	5
2965	8
2966	10
2967	8
2968	6
2969	5
2970	8
2971	8
2972	7
2973	7
2974	7
2975	6
2976	6
2977	7
2978	6
2979	7
2980	7
2981	5
2982	5
2983	5
2984	7
2985	7
2986	6
2987	10
2988	10
2989	4
2990	8
2991	5
2992	4
2993	7
2994	5
2995	6
2996	5
2997	7
2998	6
2999	9
3000	9
3001	5
3002	7
3003	6
3004	7
3005	9
3006	4
3007	7
3008	6
3009	8
3010	9
3011	5
3012	5
3013	8
3014	3
3015	8
3016	5
3017	3
3018	5
3019	7
3020	7
3021	7
3022	6
3023	5
3024	9
3025	9
3026	3
3027	4
3028	7
3029	6
3030	6
3031	2
3032	7
3033	6
3034	6
3035	6
3036	5
3037	6
3038	5
3039	7
3040	5
3041	4
3042	6
3043	8
3044	4
3045	2
3046	5
3047	5
3048	8
3049	4
3050	5
3051	3
3052	6
3053	7
3054	2
3055	8
3056	4
3057	5
3058	6
3059	7
3060	7
3061	8
3062	7
3063	4
3064	10
3065	5
3066	3
3067	6
3068	5
3069	9
3070	4
3071	7
3072	5
3073	4
3074	8
3075	6
3076	4
3077	3
3078	8
3079	7
3080	7
3081	5
3082	6
3083	4
3084	6
3085	4
3086	7
3087	7
3088	7
3089	6
3090	7
3091	4
3092	5
3093	6
3094	4
3095	3
3096	3
3097	5
3098	7
3099	6
3100	2
3101	6
3102	9
3103	7
3104	5
3105	4
3106	5
3107	6
3108	4
3109	8
3110	5
3111	7
3112	6
3113	5
3114	6
3115	6
3116	5
3117	1
3118	7
3119	5
3120	7
3121	8
3122	5
3123	3
3124	7
3125	5
3126	4
3127	3
3128	3
3129	4
3130	4
3131	4
3132	5
3133	6
3134	4
3135	6
3136	4
3137	4
3138	6
3139	5
3140	4
3141	5
3142	2
3143	7
3144	3
3145	6
3146	5
3147	5
3148	5
3149	5
3150	3
3151	4
3152	5
3153	5
3154	7
3155	7
3156	4
3157	4
3158	3
3159	3
3160	5
3161	3
3162	1
3163	2
3164	4
3165	4
3166	4
3167	5
3168	4
3169	2
3170	5
3171	4
3172	1
3173	4
3174	2
3175	2
3176	5
3177	3
3178	6
3179	5
3180	3
3181	4
3182	4
3183	2
3184	5
3185	4
3186	3
3187	6
3188	3
3189	2
3190	3
3191	4
3192	5
3193	5
3194	4
3195	2
3196	4
3197	5
3198	6
3199	3
3200	2
3201	4
3202	4
3203	2
3204	4
3205	4
3206	2
3207	8
3208	4
3209	2
3210	4
3211	4
3212	3
3213	4
3214	6
3215	4
3216	1
3217	4
3218	2
3219	2
3220	5
3221	2
3222	3
3223	4
3224	2
3225	3
3226	3
3227	3
3228	7
3229	2
3230	5
3231	5
3232	4
3233	2
3234	4
3235	6
3236	4
3237	3
3238	2
3239	4
3240	4
3241	2
3242	4
3243	5
3244	1
3245	2
3246	4
3247	5
3248	3
3249	3
3250	3
3251	6
3252	2
3253	3
3254	3
3255	3
3256	5
3257	2
3258	3
3259	3
3260	3
3261	2
3262	4
3263	2
3264	4
3265	3
3266	5
3267	3
3268	1
3269	2
3270	7
3271	1
3272	1
3273	7
3274	4
3275	4
3276	2
3277	5
3278	2
3279	3
3280	2
3281	3
3282	3
3283	2
3284	4
3285	3
3286	3
3287	4
3288	3
3289	1
3290	2
3291	2
3292	2
3293	3
3294	3
3295	5
3296	2
3297	4
3298	4
3299	4
3300	2
3301	4
3302	3
3303	5
3304	4
3305	5
3306	2
3307	4
3308	1
3309	3
3310	1
3311	3
3312	2
3313	3
3314	2
3315	2
3316	2
3317	3
3318	0
3319	2
3320	4
3321	3
3322	1
3323	3
3324	2
3325	2
3326	5
3327	2
3328	1
3329	3
3330	3
3331	1
3332	3
3333	3
3334	3
3335	5
3336	4
3337	0
3338	4
3339	2
3340	4
3341	2
3342	2
3343	2
3344	2
3345	3
3346	1
3347	4
3348	3
3349	2
3350	2
3351	2
3352	2
3353	3
3354	5
3355	4
3356	2
3357	3
3358	2
3359	3
3360	1
3361	3
3362	1
3363	2
3364	3
3365	0
3366	5
3367	4
3368	1
3369	3
3370	1
3371	0
3372	3
3373	2
3374	2
3375	4
3376	1
3377	3
3378	1
3379	1
3380	3
3381	1
3382	4
3383	4
3384	2
3385	2
3386	2
3387	2
3388	3
3389	2
3390	3
3391	4
3392	1
3393	3
3394	3
3395	2
3396	3
3397	5
3398	3
3399	3
3400	3
3401	4
3402	7
3403	3
3404	3
3405	2
3406	3
3407	2
3408	4
3409	5
3410	2
3411	3
3412	3
3413	3
3414	4
3415	2
3416	2
3417	1
3418	3
3419	1
3420	2
3421	2
3422	1
3423	5
3424	3
3425	4
3426	2
3427	2
3428	3
3429	3
3430	1
3431	1
3432	3
3433	3
3434	1
3435	2
3436	1
3437	2
3438	3
3439	2
3440	4
3441	2
3442	2
3443	3
3444	4
3445	3
3446	2
3447	2
3448	4
3449	2
3450	2
3451	4
3452	3
3453	4
3454	2
3455	2
3456	5
3457	3
3458	2
3459	3
3460	2
3461	2
3462	5
3463	1
3464	3
3465	6
3466	4
3467	5
3468	3
3469	3
3470	4
3471	3
3472	6
3473	4
3474	3
3475	4
3476	1
3477	0
3478	4
3479	4
3480	1
3481	2
3482	4
3483	6
3484	6
3485	3
3486	3
3487	1
3488	3
3489	3
3490	6
3491	3
3492	2
3493	2
3494	4
3495	2
3496	4
3497	4
3498	4
3499	5
3500	2
3501	7
3502	7
3503	4
3504	4
3505	1
3506	4
3507	3
3508	7
3509	7
3510	6
3511	5
3512	5
3513	4
3514	4
3515	5
3516	5
3517	6
3518	6
3519	4
3520	5
3521	6
3522	6
3523	4
3524	6
3525	5
3526	6
3527	5
3528	4
3529	4
3530	6
3531	7
3532	5
3533	7
3534	5
3535	7
3536	7
3537	4
3538	7
3539	9
3540	6
3541	6
3542	9
3543	7
3544	7
3545	6
3546	4
3547	7
3548	4
3549	7
3550	8
3551	5
3552	6
3553	7
3554	9
3555	6
3556	7
3557	6
3558	9
3559	6
3560	7
3561	9
3562	8
3563	7
3564	5
3565	12
3566	7
3567	8
3568	9
3569	8
3570	9
3571	9
3572	11
3573	7
3574	7
3575	4
3576	11
3577	9
3578	10
3579	8
3580	10
3581	8
3582	10
3583	7
3584	9
3585	10
3586	11
3587	10
3588	9
3589	14
3590	9
3591	6
3592	12
3593	13
3594	10
3595	10
3596	12
3597	10
3598	16
3599	8
3600	10
3601	13
3602	9
3603	11
3604	14
3605	7
3606	13
3607	12
3608	9
3609	8
3610	9
3611	14
3612	11
3613	12
3614	12
3615	9
3616	11
3617	9
3618	15
3619	11
3620	16
3621	11
3622	12
3623	13
3624	13
3625	11
3626	11
3627	12
3628	10
3629	10
3630	10
3631	13
3632	13
3633	9
3634	7
3635	16
3636	8
3637	16
3638	10
3639	9
3640	14
3641	16
3642	15
3643	16
3644	8
3645	13
3646	13
3647	11
3648	8
3649	10
3650	9
3651	12
3652	7
3653	12
3654	12
3655	13
3656	10
3657	7
3658	14
3659	11
3660	10
3661	12
3662	11
3663	10
3664	12
3665	12
3666	11
3667	13
3668	11
3669	6
3670	10
3671	10
3672	12
3673	12
3674	10
3675	12
3676	9
3677	9
3678	12
3679	11
3680	10
3681	9
3682	9
3683	12
3684	9
3685	10
3686	8
3687	8
3688	5
3689	8
3690	7
3691	5
3692	10
3693	12
3694	9
3695	3
3696	9
3697	10
3698	9
3699	8
3700	8
3701	5
3702	8
3703	7
3704	5
3705	7
3706	6
3707	7
3708	3
3709	7
3710	8
3711	9
3712	8
3713	4
3714	3
3715	8
3716	3
3717	6
3718	5
3719	7
3720	5
3721	7
3722	6
3723	5
3724	5
3725	6
3726	5
3727	6
3728	4
3729	5
3730	4
3731	4
3732	5
3733	5
3734	6
3735	5
3736	5
3737	7
3738	3
3739	4
3740	4
3741	3
3742	7
3743	3
3744	2
3745	1
3746	4
3747	5
3748	2
3749	2
3750	1
3751	6
3752	3
3753	4
3754	1
3755	2
3756	3
3757	5
3758	6
3759	5
3760	2
3761	3
3762	2
3763	4
3764	0
3765	2
3766	2
3767	3
3768	2
3769	1
3770	1
3771	3
3772	2
3773	2
3774	1
3775	0
3776	1
3777	1
3778	3
3779	2
3780	2
3781	2
3782	1
3783	2
3784	2
3785	1
3786	3
3787	1
3788	0
3789	1
3790	1
3791	2
3792	1
3793	1
3794	2
3795	1
3796	1
3797	1
3798	0
3799	1
3800	0
3801	2
3802	1
3803	0
3804	0
3805	0
3806	1
3807	2
3808	2
3809	0
3810	1
3811	0
3812	1
3813	0
3814	2
3815	0
3816	2
3817	1
3818	0
3819	0
3820	0
3821	2
3822	1
3823	2
3824	0
3825	0
3826	0
3827	1
3828	0
3829	0
3830	0
3831	1
3832	0
3833	0
3834	1
3835	1
3836	1
3837	0
3838	2
3839	0
3840	0
3841	1
3842	1
3843	1
3844	0
3845	0
3846	0
3847	0
3848	0
3849	0
3850	0
3851	1
3852	1
3853	0
3854	0
3855	0
3856	0
3857	0
3858	1
3859	0
3860	0
3861	0
3862	0
3863	0
3864	0
3865	0
3866	0
3867	1
3868	0
3869	0
3870	1
3871	2
3872	0
3873	0
3874	0
3875	0
3876	0
3877	0
3878	0
3879	0
3880	0
3881	0
3882	1
3883	2
3884	1
3885	0
3886	0
3887	0
3888	0
3889	0
3890	0
3891	1
3892	0
3893	1
3894	0
3895	0
3896	1
3897	0
3898	0
3899	0
3900	1
3901	0
3902	0
3903	0
3904	0
3905	0
3906	0
3907	0
3908	0
3909	0
3910	0
3911	0
3912	0
3913	1
3914	0
3915	1
3916	0
3917	0
3918	0
3919	1
3920	0
3921	1
3922	0
3923	0
3924	0
3925	0
3926	0
3927	1
3928	0
3929	0
3930	0
3931	0
3932	0
3933	0
3934	0
3935	0
3936	0
3937	0
3938	0
3939	0
3940	1
3941	0
3942	0
3943	0
3944	0
3945	0
3946	0
3947	0
3948	0
3949	1
3950	0
3951	0
3952	0
3953	0
3954	0
3955	0
3956	0
3957	0
3958	0
3959	0
3960	0
3961	0
3962	0
3963	0
3964	0
3965	0
3966	0
3967	0
3968	0
3969	0
3970	0
3971	0
3972	0
3973	0
3974	1
3975	0
3976	0
3977	0
3978	0
3979	0
3980	0
3981	0
3982	1
3983	0
3984	0
3985	0
3986	0
3987	0
3988	0
3989	0
3990	1
3991	0
3992	0
3993	0
3994	0
3995	0
3996	0
3997	0
3998	1
3999	0
4000	0
4001	0
4002	0
4003	1
4004	0
4005	0
4006	0
4007	0
4008	0
4009	1
4010	0
4011	0
4012	0
4013	0
4014	0
4015	0
4016	0
4017	1
4018	0
4019	0
4020	0
4021	0
4022	0
4023	0
4024	0
4025	0
4026	0
4027	2
4028	0
4029	0
4030	0
4031	0
4032	1
4033	0
4034	0
4035	0
4036	0
4037	0
4038	0
4039	0
4040	0
4041	0
4042	0
4043	0
4044	0
4045	0
4046	0
4047	0
4048	0
4049	0
4050	0
4051	0
4052	0
4053	0
4054	0
4055	0
4056	0
4057	0
4058	0
4059	0
4060	0
4061	0
4062	0
4063	0
4064	0
4065	0
4066	0
4067	0
4068	0
4069	0
4070	1
4071	1
4072	0
4073	0
4074	0
4075	0
4076	0
4077	0
4078	0
4079	0
4080	0
4081	1
4082	1
4083	0
4084	0
4085	0
4086	0
4087	0
4088	0
4089	0
4090	0
4091	0
4092	0
4093	0
4094	0
4095	0
