Channel	Average_Counts
0	0
1	0
2	0
3	0
4	0
5	0
6	0
7	0
8	0
9	0
10	0
11	0
12	0
13	0
14	0
15	0
16	0
17	0
18	0
19	0
20	0
21	0
22	0
23	1
24	0
25	0
26	0
27	0
28	1
29	0
30	0
31	1
32	1
33	0
34	2
35	2
36	1
37	4
38	2
39	3
40	2
41	4
42	9
43	7
44	5
45	10
46	6
47	10
48	13
49	13
50	12
51	10
52	12
53	16
54	14
55	22
56	24
57	22
58	22
59	24
60	19
61	19
62	21
63	20
64	29
65	25
66	26
67	34
68	28
69	34
70	46
71	44
72	49
73	49
74	51
75	47
76	49
77	53
78	51
79	60
80	62
81	63
82	69
83	77
84	68
85	91
86	87
87	93
88	92
89	108
90	99
91	121
92	134
93	130
94	147
95	158
96	176
97	181
98	189
99	211
100	222
101	239
102	244
103	245
104	246
105	281
106	267
107	257
108	236
109	260
110	246
111	244
112	228
113	253
114	223
115	249
116	225
117	230
118	210
119	246
120	229
121	224
122	202
123	214
124	211
125	222
126	205
127	199
128	199
129	174
130	183
131	182
132	182
133	187
134	193
135	201
136	354
137	6287
138	74658
139	266638
140	391559
141	409248
142	404017
143	402295
144	400641
145	403435
146	397736
147	395618
148	394369
149	396226
150	390226
151	391446
152	386417
153	388539
154	384429
155	381915
156	379774
157	381574
158	375526
159	373085
160	371767
161	374602
162	368196
163	367218
164	365529
165	367261
166	363027
167	363873
168	358868
169	360265
170	355403
171	353710
172	351324
173	353080
174	347755
175	345031
176	343221
177	345392
178	339929
179	336849
180	334090
181	337645
182	330894
183	331690
184	327216
185	327578
186	323306
187	321651
188	318810
189	320540
190	315211
191	312791
192	310376
193	311834
194	307007
195	304208
196	303054
197	304464
198	300333
199	300187
200	296348
201	296894
202	292681
203	289978
204	288823
205	289995
206	285377
207	282946
208	282109
209	282261
210	277960
211	276356
212	274774
213	275939
214	271355
215	272324
216	267615
217	269295
218	264025
219	262335
220	260716
221	261743
222	258604
223	255017
224	254700
225	256080
226	252015
227	250957
228	249337
229	250871
230	246776
231	247107
232	244474
233	245564
234	242464
235	240342
236	240374
237	241079
238	237819
239	236966
240	235581
241	236781
242	233194
243	232635
244	231244
245	233465
246	229335
247	230023
248	227554
249	228709
250	225589
251	224114
252	223002
253	224127
254	221076
255	217703
256	219082
257	219274
258	216088
259	215048
260	214662
261	215277
262	212276
263	212566
264	209614
265	210880
266	208180
267	206275
268	205107
269	206388
270	203658
271	201938
272	201348
273	202262
274	199361
275	197761
276	197715
277	198699
278	195675
279	196243
280	194167
281	195413
282	193054
283	191173
284	191533
285	191912
286	189347
287	186964
288	187663
289	189063
290	186483
291	185559
292	184956
293	185902
294	183418
295	184432
296	182252
297	183631
298	182183
299	180869
300	181464
301	182731
302	180877
303	180971
304	181128
305	182185
306	181054
307	180156
308	180858
309	182940
310	181307
311	183328
312	181728
313	184001
314	183039
315	182597
316	183536
317	184788
318	183927
319	183125
320	183352
321	184996
322	183667
323	182791
324	182305
325	183168
326	181750
327	181250
328	179196
329	179487
330	175954
331	175279
332	173639
333	172969
334	170444
335	167688
336	166582
337	165784
338	162130
339	160147
340	158081
341	157363
342	153340
343	152815
344	149522
345	148810
346	145113
347	143236
348	141822
349	140689
350	137731
351	135643
352	134389
353	133873
354	131571
355	130152
356	128726
357	128976
358	126777
359	126213
360	124164
361	125281
362	122230
363	121532
364	120577
365	121435
366	119211
367	118418
368	118372
369	118839
370	117449
371	116607
372	116195
373	116789
374	115268
375	115236
376	114031
377	115300
378	113042
379	113218
380	112436
381	113138
382	112227
383	111600
384	111518
385	111896
386	110693
387	110444
388	110266
389	111076
390	109445
391	110087
392	108838
393	109666
394	108450
395	107397
396	107984
397	107820
398	106542
399	106308
400	105860
401	106722
402	105140
403	105453
404	104405
405	105276
406	103775
407	104027
408	102545
409	103448
410	102122
411	101045
412	100538
413	100881
414	99539
415	98178
416	97933
417	98288
418	96905
419	95785
420	95589
421	96015
422	94450
423	94328
424	93377
425	93424
426	92047
427	91131
428	91007
429	91301
430	89417
431	89015
432	88634
433	88883
434	87722
435	87042
436	86817
437	87135
438	86430
439	86598
440	85503
441	86217
442	85444
443	84889
444	84942
445	85687
446	84626
447	84228
448	84693
449	85454
450	84286
451	84303
452	84645
453	84808
454	84518
455	85465
456	84467
457	85563
458	84748
459	84541
460	85104
461	85821
462	85520
463	85152
464	85098
465	86458
466	85342
467	85315
468	85588
469	86307
470	85015
471	85925
472	85577
473	86538
474	85265
475	84861
476	84935
477	85676
478	84402
479	83903
480	84267
481	84427
482	83552
483	82981
484	83302
485	83471
486	81754
487	81891
488	80465
489	81066
490	79868
491	79486
492	78578
493	78770
494	77366
495	76405
496	75811
497	75886
498	74482
499	73424
500	73177
501	72993
502	71406
503	71438
504	69891
505	69933
506	68700
507	67462
508	67131
509	67019
510	65372
511	63688
512	64248
513	63919
514	62941
515	62166
516	61412
517	61787
518	60432
519	60026
520	59234
521	59116
522	58351
523	57808
524	57335
525	57455
526	56301
527	55770
528	56079
529	55897
530	55202
531	54578
532	54899
533	54818
534	53716
535	54063
536	53097
537	53437
538	52690
539	52863
540	52648
541	52747
542	52133
543	51681
544	51915
545	51928
546	51667
547	51219
548	51386
549	51690
550	50695
551	50847
552	50290
553	50895
554	50437
555	49943
556	49993
557	50495
558	49729
559	49352
560	49485
561	49611
562	49204
563	48964
564	48986
565	49018
566	48542
567	48852
568	48375
569	48467
570	48175
571	47575
572	47885
573	47997
574	47442
575	47200
576	47129
577	47352
578	46685
579	46685
580	46426
581	46673
582	46282
583	46455
584	46035
585	46446
586	45559
587	45360
588	45406
589	45581
590	45289
591	44965
592	45010
593	45116
594	44735
595	44254
596	44202
597	44621
598	44175
599	44390
600	43987
601	44440
602	43585
603	43525
604	43703
605	43615
606	43303
607	43095
608	43168
609	43517
610	42816
611	42838
612	42915
613	43331
614	42901
615	43008
616	42200
617	42765
618	42563
619	42091
620	42266
621	42560
622	42126
623	41901
624	42113
625	42333
626	42219
627	41817
628	41842
629	41911
630	41534
631	42156
632	41387
633	41980
634	41797
635	41320
636	41459
637	41465
638	41301
639	41239
640	41204
641	41516
642	41149
643	41167
644	40997
645	41429
646	40926
647	40930
648	40907
649	40907
650	40384
651	40698
652	40346
653	40791
654	40230
655	40196
656	40110
657	40511
658	39811
659	39932
660	39958
661	40333
662	40210
663	39940
664	39675
665	40134
666	39798
667	39477
668	39779
669	39690
670	39278
671	39041
672	39492
673	39587
674	39433
675	39305
676	39209
677	39571
678	39525
679	39466
680	39085
681	39540
682	39239
683	39225
684	39471
685	39721
686	39344
687	39242
688	39256
689	39756
690	39287
691	39297
692	39280
693	39683
694	39491
695	39799
696	39275
697	39818
698	39529
699	39328
700	39794
701	39799
702	39550
703	39187
704	39480
705	39695
706	39160
707	39108
708	39143
709	39772
710	39207
711	39218
712	39019
713	39508
714	38975
715	38487
716	38694
717	38998
718	38517
719	38313
720	38363
721	38379
722	38367
723	37801
724	38005
725	37943
726	37217
727	37296
728	37240
729	36992
730	36448
731	36462
732	36607
733	36290
734	35793
735	35634
736	35450
737	35838
738	34993
739	35127
740	34836
741	35190
742	34394
743	34446
744	34288
745	34272
746	33706
747	33741
748	33699
749	33790
750	33365
751	33230
752	33006
753	33136
754	32869
755	32608
756	32999
757	32945
758	32648
759	33018
760	32770
761	32725
762	32860
763	32643
764	32703
765	33021
766	32681
767	32417
768	33104
769	33050
770	33137
771	32953
772	33403
773	33794
774	33365
775	33712
776	33582
777	33966
778	33927
779	34084
780	34382
781	34705
782	34746
783	34731
784	34862
785	35537
786	35552
787	35397
788	35958
789	36052
790	36249
791	36812
792	36652
793	37186
794	37231
795	37006
796	37301
797	37956
798	37676
799	37711
800	38236
801	38903
802	38767
803	39006
804	39237
805	39748
806	39563
807	40367
808	39871
809	40309
810	40179
811	39936
812	40828
813	41107
814	40765
815	40899
816	41078
817	41417
818	41560
819	41196
820	41342
821	41808
822	41848
823	41581
824	41669
825	41824
826	41435
827	41700
828	41561
829	41957
830	41750
831	41318
832	41442
833	41626
834	41394
835	41236
836	40947
837	41209
838	40904
839	40946
840	40519
841	40742
842	40177
843	39924
844	39896
845	40033
846	39342
847	39075
848	39079
849	38790
850	38400
851	38443
852	37946
853	38159
854	37293
855	37404
856	36927
857	36811
858	36221
859	35851
860	35740
861	35644
862	34810
863	34507
864	34359
865	34201
866	33473
867	33388
868	32853
869	32923
870	32154
871	32486
872	31628
873	31348
874	30860
875	30502
876	30304
877	30321
878	29637
879	29169
880	28911
881	28938
882	28155
883	27989
884	27483
885	27447
886	27068
887	27065
888	26579
889	26488
890	26110
891	25693
892	25706
893	25530
894	24974
895	24678
896	24594
897	24423
898	24189
899	23945
900	24059
901	23732
902	23574
903	23444
904	23236
905	23174
906	22815
907	22565
908	22529
909	22512
910	22399
911	22067
912	22156
913	22041
914	21877
915	21460
916	21727
917	21769
918	21570
919	21850
920	21325
921	21497
922	21289
923	21261
924	21114
925	21231
926	21142
927	20760
928	21059
929	20886
930	20721
931	20746
932	20736
933	20860
934	20677
935	20691
936	20476
937	20845
938	20356
939	20386
940	20524
941	20646
942	20228
943	20212
944	20003
945	20335
946	20090
947	20110
948	19942
949	20041
950	20004
951	19810
952	19694
953	20047
954	19876
955	19628
956	19785
957	19949
958	19792
959	19576
960	19695
961	19582
962	19602
963	19536
964	19713
965	19711
966	19318
967	19661
968	19459
969	19710
970	19636
971	19353
972	19383
973	19586
974	19477
975	19324
976	19431
977	19410
978	19564
979	19131
980	19244
981	19487
982	19407
983	19329
984	19280
985	19464
986	19322
987	19453
988	19230
989	19594
990	19321
991	19356
992	19596
993	19564
994	19272
995	19291
996	19452
997	19455
998	19606
999	19515
1000	19368
1001	19585
1002	19426
1003	19485
1004	19481
1005	19557
1006	19333
1007	19485
1008	19431
1009	19683
1010	19442
1011	19379
1012	19578
1013	19567
1014	19547
1015	19559
1016	19496
1017	19673
1018	19279
1019	19434
1020	19077
1021	19498
1022	19341
1023	18749
1024	19168
1025	19580
1026	19405
1027	19219
1028	19391
1029	19384
1030	19404
1031	19381
1032	19173
1033	19370
1034	19185
1035	19139
1036	18930
1037	19133
1038	19075
1039	19095
1040	18997
1041	19145
1042	18945
1043	18957
1044	19026
1045	19130
1046	18913
1047	18875
1048	18927
1049	18959
1050	18862
1051	18810
1052	18974
1053	18960
1054	18885
1055	18740
1056	18737
1057	18983
1058	18732
1059	18618
1060	18649
1061	18856
1062	18744
1063	18650
1064	18642
1065	18635
1066	18718
1067	18350
1068	18619
1069	18652
1070	18384
1071	18504
1072	18473
1073	18665
1074	18488
1075	18513
1076	18356
1077	18553
1078	18349
1079	18423
1080	18344
1081	18563
1082	18333
1083	18168
1084	18236
1085	18409
1086	18065
1087	18182
1088	18105
1089	18250
1090	18134
1091	17901
1092	18182
1093	18085
1094	17839
1095	17956
1096	18000
1097	17949
1098	18046
1099	17735
1100	17789
1101	17691
1102	17708
1103	17591
1104	17607
1105	17767
1106	17572
1107	17333
1108	17523
1109	17593
1110	17265
1111	17568
1112	17150
1113	17304
1114	17185
1115	17110
1116	16877
1117	16860
1118	16942
1119	16958
1120	16805
1121	17024
1122	16712
1123	16627
1124	16660
1125	16716
1126	16534
1127	16693
1128	16556
1129	16413
1130	16475
1131	16213
1132	16290
1133	16417
1134	16286
1135	16005
1136	15963
1137	15940
1138	15931
1139	15903
1140	15920
1141	16053
1142	16007
1143	16064
1144	15894
1145	15892
1146	15773
1147	15759
1148	15562
1149	15785
1150	15573
1151	15592
1152	15568
1153	15810
1154	15554
1155	15503
1156	15453
1157	15592
1158	15459
1159	15428
1160	15572
1161	15520
1162	15432
1163	15486
1164	15518
1165	15703
1166	15247
1167	15236
1168	15255
1169	15357
1170	15449
1171	15156
1172	15375
1173	15460
1174	15320
1175	15532
1176	15094
1177	15286
1178	15220
1179	15078
1180	15342
1181	15403
1182	15420
1183	15096
1184	15301
1185	15483
1186	15319
1187	15404
1188	15455
1189	15280
1190	15213
1191	15428
1192	15302
1193	15514
1194	15469
1195	15391
1196	15492
1197	15649
1198	15412
1199	15320
1200	15473
1201	15432
1202	15490
1203	15565
1204	15474
1205	15656
1206	15631
1207	15614
1208	15509
1209	15784
1210	15673
1211	15681
1212	15530
1213	15716
1214	15676
1215	15655
1216	15792
1217	15869
1218	16050
1219	15857
1220	15960
1221	16140
1222	16140
1223	16329
1224	16391
1225	16448
1226	16246
1227	16188
1228	16470
1229	16509
1230	16464
1231	16345
1232	16532
1233	16921
1234	16737
1235	17013
1236	16964
1237	17000
1238	16949
1239	17166
1240	17138
1241	17243
1242	17347
1243	17216
1244	17338
1245	17425
1246	17401
1247	17501
1248	17364
1249	17785
1250	17533
1251	17853
1252	17878
1253	18132
1254	17801
1255	18047
1256	18051
1257	18259
1258	18148
1259	18117
1260	18271
1261	18462
1262	18505
1263	18259
1264	18399
1265	18582
1266	18429
1267	18385
1268	18497
1269	18778
1270	18702
1271	18691
1272	18691
1273	18923
1274	18719
1275	18774
1276	18730
1277	18960
1278	18737
1279	18554
1280	18858
1281	18920
1282	18935
1283	18721
1284	18801
1285	18897
1286	18601
1287	18860
1288	18678
1289	18781
1290	18617
1291	18641
1292	18685
1293	18664
1294	18642
1295	18626
1296	18592
1297	18557
1298	18364
1299	18066
1300	18318
1301	18383
1302	18232
1303	18395
1304	18055
1305	18304
1306	18046
1307	18104
1308	17942
1309	18133
1310	17959
1311	17801
1312	17761
1313	17919
1314	17824
1315	17576
1316	17660
1317	17682
1318	17743
1319	17608
1320	17417
1321	17507
1322	17458
1323	17195
1324	17304
1325	17334
1326	17163
1327	17311
1328	17054
1329	17358
1330	16927
1331	16951
1332	17153
1333	17166
1334	16920
1335	17009
1336	16805
1337	16828
1338	16878
1339	16788
1340	16763
1341	16962
1342	16589
1343	16480
1344	16237
1345	16676
1346	16316
1347	16301
1348	16481
1349	16374
1350	16216
1351	16464
1352	16119
1353	16205
1354	16166
1355	16046
1356	15983
1357	16056
1358	15879
1359	15859
1360	15740
1361	15772
1362	15806
1363	15564
1364	15656
1365	15668
1366	15391
1367	15430
1368	15375
1369	15399
1370	15221
1371	14878
1372	14970
1373	15114
1374	14976
1375	14744
1376	14688
1377	14702
1378	14597
1379	14325
1380	14428
1381	14578
1382	14228
1383	14047
1384	13996
1385	14015
1386	13998
1387	13647
1388	13644
1389	13642
1390	13457
1391	13405
1392	13301
1393	13241
1394	13051
1395	13032
1396	12939
1397	12890
1398	12774
1399	12702
1400	12484
1401	12584
1402	12377
1403	12395
1404	12249
1405	12158
1406	11965
1407	12063
1408	12037
1409	11771
1410	11656
1411	11667
1412	11564
1413	11614
1414	11531
1415	11491
1416	11415
1417	11320
1418	11228
1419	11168
1420	11207
1421	11151
1422	11049
1423	10785
1424	10717
1425	11023
1426	10700
1427	10690
1428	10670
1429	10838
1430	10623
1431	10563
1432	10534
1433	10554
1434	10506
1435	10546
1436	10535
1437	10427
1438	10386
1439	10231
1440	10351
1441	10446
1442	10434
1443	10187
1444	10340
1445	10284
1446	10278
1447	10273
1448	10011
1449	10155
1450	10211
1451	10171
1452	10127
1453	10156
1454	10204
1455	10061
1456	9947
1457	10119
1458	10046
1459	10081
1460	10161
1461	10148
1462	10020
1463	10188
1464	10027
1465	10192
1466	10020
1467	9934
1468	10016
1469	10191
1470	10019
1471	10151
1472	10209
1473	10209
1474	10122
1475	10109
1476	10076
1477	10251
1478	10261
1479	10326
1480	10133
1481	10147
1482	10125
1483	10129
1484	10232
1485	10165
1486	10213
1487	10169
1488	10205
1489	10292
1490	10444
1491	10218
1492	10408
1493	10395
1494	10227
1495	10518
1496	10422
1497	10622
1498	10329
1499	10571
1500	10352
1501	10523
1502	10471
1503	10381
1504	10634
1505	10680
1506	10615
1507	10609
1508	10649
1509	10888
1510	10674
1511	10701
1512	10659
1513	10863
1514	10696
1515	10773
1516	10791
1517	10992
1518	10802
1519	10897
1520	10787
1521	10975
1522	11081
1523	10885
1524	11092
1525	11236
1526	11151
1527	11160
1528	11210
1529	11384
1530	11261
1531	11271
1532	11232
1533	11387
1534	11366
1535	11076
1536	11432
1537	11520
1538	11540
1539	11541
1540	11540
1541	11598
1542	11544
1543	11686
1544	11518
1545	11667
1546	11723
1547	11567
1548	11631
1549	11791
1550	11761
1551	11776
1552	11660
1553	11760
1554	11620
1555	11778
1556	11916
1557	11954
1558	11918
1559	11921
1560	11844
1561	11884
1562	11903
1563	11852
1564	11962
1565	12026
1566	11857
1567	11826
1568	11994
1569	11957
1570	12006
1571	11937
1572	11764
1573	12033
1574	11888
1575	12011
1576	11899
1577	11720
1578	11777
1579	11711
1580	11831
1581	11867
1582	11723
1583	11795
1584	11684
1585	11732
1586	11656
1587	11614
1588	11547
1589	11567
1590	11430
1591	11539
1592	11573
1593	11522
1594	11250
1595	11223
1596	11332
1597	11525
1598	11213
1599	11248
1600	11120
1601	11167
1602	11053
1603	11159
1604	11093
1605	11057
1606	11030
1607	10922
1608	10924
1609	10965
1610	10758
1611	10785
1612	10692
1613	10754
1614	10667
1615	10501
1616	10468
1617	10610
1618	10339
1619	10365
1620	10399
1621	10408
1622	10337
1623	10219
1624	10299
1625	10366
1626	10051
1627	10085
1628	9940
1629	10092
1630	9869
1631	9985
1632	9933
1633	10002
1634	9799
1635	9741
1636	9772
1637	9914
1638	9754
1639	9737
1640	9544
1641	9595
1642	9571
1643	9517
1644	9497
1645	9527
1646	9538
1647	9320
1648	9450
1649	9396
1650	9191
1651	9213
1652	9191
1653	9289
1654	9109
1655	9114
1656	9145
1657	9295
1658	9143
1659	9095
1660	9114
1661	9029
1662	9045
1663	8897
1664	8994
1665	9025
1666	8995
1667	8825
1668	8896
1669	8965
1670	8914
1671	8772
1672	8851
1673	8746
1674	8722
1675	8613
1676	8575
1677	8638
1678	8637
1679	8541
1680	8663
1681	8606
1682	8533
1683	8599
1684	8516
1685	8638
1686	8552
1687	8508
1688	8565
1689	8591
1690	8506
1691	8274
1692	8422
1693	8490
1694	8272
1695	8413
1696	8441
1697	8537
1698	8263
1699	8367
1700	8305
1701	8315
1702	8285
1703	8334
1704	8229
1705	8296
1706	8321
1707	8277
1708	8199
1709	8249
1710	8189
1711	8075
1712	8251
1713	8009
1714	8141
1715	8111
1716	8135
1717	8140
1718	7997
1719	8104
1720	7939
1721	8087
1722	7885
1723	8022
1724	8009
1725	8024
1726	7916
1727	7816
1728	7901
1729	7962
1730	7807
1731	7670
1732	7781
1733	7931
1734	7745
1735	7697
1736	7763
1737	7737
1738	7866
1739	7648
1740	7599
1741	7662
1742	7504
1743	7540
1744	7602
1745	7537
1746	7536
1747	7432
1748	7382
1749	7419
1750	7436
1751	7282
1752	7455
1753	7328
1754	7316
1755	7252
1756	7301
1757	7303
1758	7118
1759	7100
1760	7127
1761	7154
1762	7119
1763	7048
1764	7033
1765	7048
1766	6875
1767	6982
1768	6896
1769	6973
1770	6967
1771	6760
1772	6824
1773	6793
1774	6799
1775	6821
1776	6721
1777	6763
1778	6720
1779	6651
1780	6684
1781	6736
1782	6632
1783	6581
1784	6640
1785	6592
1786	6499
1787	6400
1788	6362
1789	6537
1790	6461
1791	6294
1792	6337
1793	6281
1794	6335
1795	6225
1796	6258
1797	6210
1798	6198
1799	6253
1800	6108
1801	6265
1802	6138
1803	6008
1804	6067
1805	6011
1806	6127
1807	5973
1808	5914
1809	6109
1810	6055
1811	5941
1812	5925
1813	5963
1814	6008
1815	5891
1816	5953
1817	5954
1818	5914
1819	5778
1820	5844
1821	5845
1822	5794
1823	5840
1824	5743
1825	5653
1826	5838
1827	5696
1828	5802
1829	5800
1830	5815
1831	5733
1832	5748
1833	5755
1834	5769
1835	5620
1836	5732
1837	5763
1838	5833
1839	5718
1840	5724
1841	5761
1842	5708
1843	5731
1844	5737
1845	5803
1846	5719
1847	5780
1848	5775
1849	5808
1850	5885
1851	5794
1852	5820
1853	5849
1854	5804
1855	5760
1856	5803
1857	5904
1858	5828
1859	5870
1860	5876
1861	6011
1862	5832
1863	6012
1864	5997
1865	5989
1866	6042
1867	5988
1868	6024
1869	6099
1870	6064
1871	6127
1872	6192
1873	6083
1874	6219
1875	6226
1876	6158
1877	6316
1878	6268
1879	6358
1880	6293
1881	6456
1882	6404
1883	6310
1884	6465
1885	6622
1886	6584
1887	6563
1888	6578
1889	6802
1890	6760
1891	6776
1892	6836
1893	6921
1894	6931
1895	7037
1896	6957
1897	7064
1898	7194
1899	7255
1900	7308
1901	7498
1902	7262
1903	7384
1904	7472
1905	7574
1906	7600
1907	7738
1908	7793
1909	7898
1910	7898
1911	8016
1912	8149
1913	8092
1914	8165
1915	8279
1916	8377
1917	8546
1918	8601
1919	8666
1920	8744
1921	8838
1922	8893
1923	8961
1924	9134
1925	9338
1926	9280
1927	9383
1928	9578
1929	9651
1930	9904
1931	9784
1932	9925
1933	10114
1934	10243
1935	10164
1936	10520
1937	10678
1938	10821
1939	10824
1940	11021
1941	11188
1942	11257
1943	11532
1944	11760
1945	11872
1946	11898
1947	12212
1948	12345
1949	12462
1950	12708
1951	12783
1952	12910
1953	13265
1954	13368
1955	13446
1956	13761
1957	13882
1958	14206
1959	14361
1960	14397
1961	15052
1962	14968
1963	15209
1964	15140
1965	15836
1966	15902
1967	15868
1968	16167
1969	16519
1970	16702
1971	16767
1972	17231
1973	17440
1974	17496
1975	17842
1976	18045
1977	18457
1978	18645
1979	18600
1980	19077
1981	19554
1982	19560
1983	19660
1984	20014
1985	20185
1986	20435
1987	20621
1988	20979
1989	21004
1990	21503
1991	21594
1992	21933
1993	22346
1994	22124
1995	22346
1996	22663
1997	23119
1998	23108
1999	23296
2000	23462
2001	24080
2002	24119
2003	23945
2004	24464
2005	24599
2006	24842
2007	24789
2008	24984
2009	25337
2010	25234
2011	25273
2012	25440
2013	25800
2014	26014
2015	25717
2016	26043
2017	26248
2018	25975
2019	26283
2020	26231
2021	26516
2022	26475
2023	26428
2024	26386
2025	26782
2026	26733
2027	26366
2028	26246
2029	26750
2030	26569
2031	26437
2032	26445
2033	26545
2034	26264
2035	26063
2036	26171
2037	26270
2038	25831
2039	25745
2040	25702
2041	25552
2042	25285
2043	25104
2044	25289
2045	25026
2046	24948
2047	23905
2048	24394
2049	24626
2050	24149
2051	23724
2052	23679
2053	23545
2054	23340
2055	23059
2056	22866
2057	22688
2058	22299
2059	21678
2060	21851
2061	21586
2062	21163
2063	20899
2064	20629
2065	20520
2066	20042
2067	19600
2068	19456
2069	19304
2070	19127
2071	18841
2072	18310
2073	18106
2074	17951
2075	17331
2076	17213
2077	16963
2078	16577
2079	16278
2080	15963
2081	15761
2082	15355
2083	15071
2084	14786
2085	14543
2086	14244
2087	14068
2088	13557
2089	13451
2090	13108
2091	12739
2092	12597
2093	12377
2094	11920
2095	11691
2096	11540
2097	11194
2098	11069
2099	10649
2100	10450
2101	10327
2102	9856
2103	9781
2104	9467
2105	9399
2106	9081
2107	8809
2108	8827
2109	8485
2110	8330
2111	8136
2112	7941
2113	7839
2114	7549
2115	7419
2116	7294
2117	7034
2118	6823
2119	6752
2120	6601
2121	6536
2122	6229
2123	6115
2124	6035
2125	5908
2126	5712
2127	5576
2128	5572
2129	5380
2130	5338
2131	5120
2132	5152
2133	5036
2134	4898
2135	4821
2136	4704
2137	4702
2138	4469
2139	4480
2140	4403
2141	4334
2142	4250
2143	4254
2144	3990
2145	4170
2146	4052
2147	3984
2148	3944
2149	3811
2150	3858
2151	3740
2152	3735
2153	3766
2154	3603
2155	3656
2156	3635
2157	3583
2158	3537
2159	3515
2160	3394
2161	3441
2162	3404
2163	3361
2164	3392
2165	3425
2166	3332
2167	3341
2168	3282
2169	3331
2170	3332
2171	3254
2172	3275
2173	3279
2174	3183
2175	3180
2176	3167
2177	3241
2178	3134
2179	3243
2180	3136
2181	3226
2182	3083
2183	3092
2184	3123
2185	3253
2186	3138
2187	3115
2188	3161
2189	3199
2190	3184
2191	3122
2192	3144
2193	3141
2194	3150
2195	3076
2196	3151
2197	3166
2198	3115
2199	3175
2200	3077
2201	3157
2202	3092
2203	3115
2204	3096
2205	3171
2206	3140
2207	3121
2208	3117
2209	3072
2210	3139
2211	3109
2212	3136
2213	3109
2214	3088
2215	3057
2216	3105
2217	3154
2218	3138
2219	3054
2220	3035
2221	3054
2222	2996
2223	3086
2224	3042
2225	3067
2226	3081
2227	3027
2228	3035
2229	3099
2230	3026
2231	3020
2232	2963
2233	2942
2234	3050
2235	2887
2236	2980
2237	3056
2238	2943
2239	2941
2240	2833
2241	2946
2242	2972
2243	2965
2244	2926
2245	2904
2246	2881
2247	2985
2248	2952
2249	2882
2250	2896
2251	2816
2252	2889
2253	2893
2254	2874
2255	2938
2256	2846
2257	2846
2258	2922
2259	2802
2260	2820
2261	2827
2262	2783
2263	2743
2264	2818
2265	2840
2266	2830
2267	2736
2268	2747
2269	2743
2270	2718
2271	2681
2272	2743
2273	2676
2274	2714
2275	2688
2276	2669
2277	2669
2278	2644
2279	2619
2280	2575
2281	2723
2282	2669
2283	2681
2284	2616
2285	2557
2286	2610
2287	2633
2288	2619
2289	2616
2290	2534
2291	2531
2292	2534
2293	2547
2294	2455
2295	2583
2296	2494
2297	2555
2298	2526
2299	2448
2300	2508
2301	2552
2302	2511
2303	2457
2304	2510
2305	2502
2306	2455
2307	2483
2308	2497
2309	2477
2310	2425
2311	2459
2312	2465
2313	2526
2314	2415
2315	2461
2316	2428
2317	2494
2318	2473
2319	2418
2320	2404
2321	2428
2322	2443
2323	2446
2324	2444
2325	2472
2326	2442
2327	2472
2328	2408
2329	2418
2330	2435
2331	2450
2332	2430
2333	2476
2334	2412
2335	2468
2336	2477
2337	2512
2338	2443
2339	2484
2340	2452
2341	2545
2342	2532
2343	2525
2344	2507
2345	2509
2346	2576
2347	2519
2348	2511
2349	2498
2350	2581
2351	2518
2352	2589
2353	2551
2354	2594
2355	2522
2356	2610
2357	2609
2358	2558
2359	2644
2360	2617
2361	2673
2362	2598
2363	2641
2364	2661
2365	2740
2366	2669
2367	2690
2368	2729
2369	2831
2370	2742
2371	2714
2372	2794
2373	2831
2374	2808
2375	2779
2376	2772
2377	2836
2378	2914
2379	2823
2380	2856
2381	2932
2382	2840
2383	2853
2384	2926
2385	2937
2386	2926
2387	2951
2388	2984
2389	3034
2390	2966
2391	3027
2392	2972
2393	3106
2394	3009
2395	3005
2396	3047
2397	3095
2398	3076
2399	3079
2400	3047
2401	3164
2402	3181
2403	3083
2404	3116
2405	3282
2406	3256
2407	3264
2408	3234
2409	3228
2410	3204
2411	3297
2412	3279
2413	3300
2414	3302
2415	3265
2416	3250
2417	3358
2418	3282
2419	3284
2420	3298
2421	3375
2422	3340
2423	3393
2424	3335
2425	3364
2426	3356
2427	3269
2428	3374
2429	3410
2430	3352
2431	3433
2432	3356
2433	3411
2434	3409
2435	3331
2436	3412
2437	3323
2438	3441
2439	3380
2440	3309
2441	3409
2442	3363
2443	3280
2444	3388
2445	3342
2446	3395
2447	3320
2448	3363
2449	3357
2450	3309
2451	3303
2452	3345
2453	3349
2454	3236
2455	3333
2456	3235
2457	3272
2458	3249
2459	3167
2460	3169
2461	3217
2462	3185
2463	3144
2464	3210
2465	3141
2466	3150
2467	3177
2468	3085
2469	3115
2470	3087
2471	3045
2472	3009
2473	3070
2474	2973
2475	2977
2476	2980
2477	3028
2478	3015
2479	2946
2480	2901
2481	2943
2482	2846
2483	2839
2484	2898
2485	2847
2486	2808
2487	2807
2488	2835
2489	2706
2490	2757
2491	2695
2492	2687
2493	2711
2494	2590
2495	2622
2496	2637
2497	2630
2498	2621
2499	2608
2500	2512
2501	2541
2502	2544
2503	2462
2504	2493
2505	2473
2506	2435
2507	2486
2508	2413
2509	2402
2510	2329
2511	2331
2512	2386
2513	2352
2514	2269
2515	2252
2516	2313
2517	2276
2518	2250
2519	2264
2520	2220
2521	2178
2522	2122
2523	2138
2524	2160
2525	2124
2526	2114
2527	2091
2528	2139
2529	2137
2530	2053
2531	2078
2532	2013
2533	2044
2534	2030
2535	2024
2536	2009
2537	1978
2538	1979
2539	1985
2540	1965
2541	1952
2542	1921
2543	1907
2544	1971
2545	1943
2546	1884
2547	1838
2548	1846
2549	1914
2550	1879
2551	1844
2552	1808
2553	1872
2554	1880
2555	1739
2556	1776
2557	1750
2558	1838
2559	1757
2560	1743
2561	1745
2562	1803
2563	1723
2564	1687
2565	1759
2566	1718
2567	1752
2568	1690
2569	1756
2570	1701
2571	1641
2572	1686
2573	1717
2574	1697
2575	1694
2576	1627
2577	1648
2578	1617
2579	1645
2580	1641
2581	1656
2582	1563
2583	1634
2584	1589
2585	1611
2586	1561
2587	1572
2588	1591
2589	1631
2590	1644
2591	1630
2592	1591
2593	1574
2594	1599
2595	1528
2596	1545
2597	1567
2598	1555
2599	1544
2600	1545
2601	1497
2602	1502
2603	1552
2604	1578
2605	1535
2606	1560
2607	1537
2608	1453
2609	1521
2610	1479
2611	1458
2612	1476
2613	1511
2614	1491
2615	1478
2616	1458
2617	1502
2618	1519
2619	1433
2620	1468
2621	1477
2622	1483
2623	1443
2624	1428
2625	1414
2626	1433
2627	1492
2628	1416
2629	1439
2630	1384
2631	1433
2632	1419
2633	1459
2634	1422
2635	1387
2636	1359
2637	1420
2638	1406
2639	1337
2640	1440
2641	1404
2642	1395
2643	1378
2644	1393
2645	1365
2646	1363
2647	1364
2648	1385
2649	1369
2650	1377
2651	1332
2652	1388
2653	1378
2654	1376
2655	1359
2656	1327
2657	1336
2658	1315
2659	1345
2660	1317
2661	1385
2662	1353
2663	1315
2664	1281
2665	1321
2666	1302
2667	1290
2668	1320
2669	1367
2670	1309
2671	1328
2672	1299
2673	1329
2674	1288
2675	1289
2676	1307
2677	1308
2678	1292
2679	1326
2680	1300
2681	1317
2682	1304
2683	1269
2684	1311
2685	1307
2686	1260
2687	1257
2688	1314
2689	1289
2690	1285
2691	1282
2692	1286
2693	1294
2694	1248
2695	1245
2696	1347
2697	1254
2698	1302
2699	1260
2700	1263
2701	1234
2702	1306
2703	1297
2704	1323
2705	1264
2706	1237
2707	1289
2708	1303
2709	1267
2710	1210
2711	1244
2712	1273
2713	1277
2714	1276
2715	1220
2716	1278
2717	1313
2718	1200
2719	1255
2720	1227
2721	1264
2722	1240
2723	1216
2724	1240
2725	1218
2726	1217
2727	1270
2728	1219
2729	1269
2730	1225
2731	1238
2732	1237
2733	1257
2734	1243
2735	1248
2736	1256
2737	1221
2738	1238
2739	1261
2740	1229
2741	1237
2742	1274
2743	1220
2744	1238
2745	1280
2746	1259
2747	1248
2748	1279
2749	1239
2750	1278
2751	1274
2752	1208
2753	1238
2754	1277
2755	1276
2756	1266
2757	1191
2758	1286
2759	1237
2760	1231
2761	1295
2762	1235
2763	1236
2764	1246
2765	1279
2766	1248
2767	1228
2768	1278
2769	1291
2770	1227
2771	1278
2772	1305
2773	1281
2774	1309
2775	1277
2776	1227
2777	1290
2778	1270
2779	1292
2780	1281
2781	1288
2782	1268
2783	1290
2784	1283
2785	1298
2786	1305
2787	1263
2788	1305
2789	1272
2790	1296
2791	1359
2792	1309
2793	1315
2794	1329
2795	1347
2796	1349
2797	1294
2798	1318
2799	1322
2800	1264
2801	1298
2802	1316
2803	1366
2804	1365
2805	1353
2806	1332
2807	1343
2808	1354
2809	1420
2810	1324
2811	1349
2812	1361
2813	1326
2814	1387
2815	1351
2816	1376
2817	1432
2818	1346
2819	1386
2820	1378
2821	1402
2822	1383
2823	1391
2824	1420
2825	1450
2826	1430
2827	1416
2828	1439
2829	1502
2830	1482
2831	1488
2832	1462
2833	1499
2834	1472
2835	1479
2836	1459
2837	1479
2838	1478
2839	1465
2840	1502
2841	1518
2842	1549
2843	1514
2844	1520
2845	1517
2846	1571
2847	1531
2848	1527
2849	1626
2850	1622
2851	1567
2852	1618
2853	1575
2854	1553
2855	1578
2856	1588
2857	1626
2858	1639
2859	1625
2860	1665
2861	1675
2862	1666
2863	1693
2864	1653
2865	1669
2866	1672
2867	1688
2868	1690
2869	1699
2870	1720
2871	1708
2872	1776
2873	1694
2874	1734
2875	1780
2876	1744
2877	1790
2878	1808
2879	1757
2880	1810
2881	1745
2882	1809
2883	1818
2884	1816
2885	1814
2886	1856
2887	1807
2888	1832
2889	1854
2890	1875
2891	1881
2892	1859
2893	1938
2894	1925
2895	1870
2896	1866
2897	1962
2898	1914
2899	1928
2900	1914
2901	1918
2902	1937
2903	1922
2904	1941
2905	1954
2906	1911
2907	1963
2908	1984
2909	1928
2910	1954
2911	2020
2912	1952
2913	2019
2914	2001
2915	2012
2916	1928
2917	2027
2918	2031
2919	2016
2920	1973
2921	2005
2922	2016
2923	2079
2924	2016
2925	2081
2926	2051
2927	2028
2928	2061
2929	2136
2930	2071
2931	2056
2932	2086
2933	2102
2934	2028
2935	2075
2936	2054
2937	2070
2938	2081
2939	2013
2940	2056
2941	2048
2942	2020
2943	2037
2944	2032
2945	2067
2946	2058
2947	2034
2948	2098
2949	2096
2950	2123
2951	2090
2952	2056
2953	2082
2954	2085
2955	2033
2956	2089
2957	2080
2958	2018
2959	2049
2960	2075
2961	2036
2962	2055
2963	2039
2964	2048
2965	2042
2966	2046
2967	2046
2968	1989
2969	2053
2970	1974
2971	1951
2972	1981
2973	2040
2974	2006
2975	1971
2976	1992
2977	2012
2978	2046
2979	1989
2980	2006
2981	1986
2982	1967
2983	1941
2984	2001
2985	1985
2986	1951
2987	1931
2988	1999
2989	1997
2990	1949
2991	1881
2992	2022
2993	1963
2994	1961
2995	1862
2996	1949
2997	1997
2998	1954
2999	1908
3000	1895
3001	1882
3002	1927
3003	1857
3004	1901
3005	1895
3006	1930
3007	1902
3008	1913
3009	1881
3010	1860
3011	1867
3012	1891
3013	1858
3014	1864
3015	1886
3016	1915
3017	1884
3018	1814
3019	1822
3020	1825
3021	1903
3022	1808
3023	1899
3024	1852
3025	1834
3026	1866
3027	1817
3028	1855
3029	1864
3030	1835
3031	1795
3032	1791
3033	1824
3034	1797
3035	1759
3036	1801
3037	1829
3038	1725
3039	1768
3040	1791
3041	1848
3042	1807
3043	1774
3044	1740
3045	1802
3046	1730
3047	1742
3048	1745
3049	1774
3050	1771
3051	1718
3052	1792
3053	1736
3054	1739
3055	1709
3056	1698
3057	1786
3058	1705
3059	1674
3060	1758
3061	1756
3062	1685
3063	1687
3064	1678
3065	1724
3066	1666
3067	1689
3068	1701
3069	1692
3070	1690
3071	1625
3072	1659
3073	1702
3074	1664
3075	1632
3076	1711
3077	1695
3078	1667
3079	1642
3080	1627
3081	1620
3082	1665
3083	1612
3084	1636
3085	1608
3086	1602
3087	1559
3088	1570
3089	1597
3090	1572
3091	1549
3092	1587
3093	1604
3094	1621
3095	1556
3096	1543
3097	1563
3098	1536
3099	1541
3100	1500
3101	1589
3102	1524
3103	1533
3104	1545
3105	1512
3106	1512
3107	1482
3108	1544
3109	1520
3110	1507
3111	1547
3112	1507
3113	1524
3114	1460
3115	1450
3116	1473
3117	1492
3118	1444
3119	1495
3120	1456
3121	1451
3122	1457
3123	1444
3124	1431
3125	1386
3126	1401
3127	1435
3128	1436
3129	1441
3130	1446
3131	1356
3132	1419
3133	1366
3134	1357
3135	1412
3136	1361
3137	1358
3138	1366
3139	1351
3140	1375
3141	1340
3142	1379
3143	1328
3144	1356
3145	1358
3146	1316
3147	1313
3148	1291
3149	1364
3150	1307
3151	1377
3152	1310
3153	1328
3154	1311
3155	1256
3156	1306
3157	1279
3158	1284
3159	1288
3160	1272
3161	1303
3162	1251
3163	1298
3164	1229
3165	1239
3166	1195
3167	1204
3168	1217
3169	1208
3170	1272
3171	1229
3172	1232
3173	1266
3174	1228
3175	1180
3176	1245
3177	1167
3178	1209
3179	1203
3180	1232
3181	1157
3182	1193
3183	1189
3184	1189
3185	1181
3186	1175
3187	1159
3188	1159
3189	1169
3190	1178
3191	1166
3192	1145
3193	1159
3194	1169
3195	1115
3196	1178
3197	1167
3198	1108
3199	1151
3200	1077
3201	1114
3202	1138
3203	1098
3204	1134
3205	1097
3206	1080
3207	1100
3208	1082
3209	1120
3210	1076
3211	1061
3212	1112
3213	1092
3214	1078
3215	1080
3216	1093
3217	1075
3218	1087
3219	1048
3220	1030
3221	1056
3222	1084
3223	1062
3224	1084
3225	1030
3226	1047
3227	1014
3228	1039
3229	1011
3230	1044
3231	986
3232	1028
3233	1002
3234	1024
3235	1006
3236	1005
3237	965
3238	1040
3239	991
3240	988
3241	1032
3242	1024
3243	961
3244	978
3245	1021
3246	991
3247	960
3248	911
3249	975
3250	964
3251	966
3252	973
3253	967
3254	957
3255	954
3256	942
3257	944
3258	948
3259	898
3260	962
3261	931
3262	902
3263	911
3264	912
3265	929
3266	915
3267	914
3268	905
3269	919
3270	900
3271	879
3272	918
3273	927
3274	887
3275	895
3276	875
3277	888
3278	898
3279	867
3280	876
3281	867
3282	857
3283	879
3284	870
3285	886
3286	870
3287	876
3288	869
3289	862
3290	859
3291	832
3292	868
3293	866
3294	844
3295	845
3296	817
3297	831
3298	853
3299	854
3300	813
3301	845
3302	836
3303	827
3304	829
3305	806
3306	787
3307	819
3308	803
3309	803
3310	795
3311	812
3312	785
3313	787
3314	791
3315	808
3316	814
3317	802
3318	818
3319	805
3320	818
3321	816
3322	775
3323	804
3324	800
3325	808
3326	775
3327	770
3328	782
3329	811
3330	790
3331	784
3332	778
3333	796
3334	788
3335	800
3336	749
3337	779
3338	805
3339	750
3340	796
3341	796
3342	766
3343	809
3344	763
3345	764
3346	772
3347	756
3348	783
3349	762
3350	786
3351	784
3352	767
3353	757
3354	818
3355	772
3356	750
3357	761
3358	777
3359	744
3360	762
3361	755
3362	770
3363	794
3364	721
3365	822
3366	786
3367	783
3368	765
3369	772
3370	770
3371	779
3372	788
3373	801
3374	801
3375	774
3376	782
3377	810
3378	789
3379	744
3380	768
3381	788
3382	757
3383	795
3384	777
3385	772
3386	791
3387	774
3388	805
3389	749
3390	771
3391	781
3392	830
3393	811
3394	817
3395	826
3396	820
3397	801
3398	826
3399	770
3400	798
3401	756
3402	785
3403	811
3404	784
3405	869
3406	797
3407	790
3408	806
3409	875
3410	839
3411	870
3412	847
3413	842
3414	817
3415	852
3416	798
3417	855
3418	901
3419	860
3420	850
3421	887
3422	883
3423	894
3424	842
3425	862
3426	878
3427	858
3428	918
3429	891
3430	892
3431	890
3432	902
3433	903
3434	913
3435	902
3436	916
3437	940
3438	936
3439	950
3440	965
3441	986
3442	956
3443	968
3444	1016
3445	996
3446	957
3447	999
3448	1012
3449	1025
3450	1025
3451	1000
3452	1010
3453	1068
3454	1020
3455	1020
3456	1091
3457	1085
3458	1062
3459	1029
3460	1103
3461	1110
3462	1128
3463	1116
3464	1131
3465	1150
3466	1133
3467	1178
3468	1160
3469	1203
3470	1146
3471	1209
3472	1216
3473	1211
3474	1253
3475	1244
3476	1257
3477	1244
3478	1249
3479	1289
3480	1331
3481	1319
3482	1335
3483	1375
3484	1357
3485	1410
3486	1378
3487	1413
3488	1413
3489	1426
3490	1499
3491	1435
3492	1465
3493	1515
3494	1515
3495	1524
3496	1556
3497	1592
3498	1638
3499	1622
3500	1644
3501	1725
3502	1686
3503	1634
3504	1702
3505	1701
3506	1740
3507	1782
3508	1781
3509	1801
3510	1836
3511	1770
3512	1835
3513	1882
3514	1925
3515	1919
3516	1955
3517	1955
3518	1974
3519	1926
3520	2026
3521	2058
3522	2055
3523	2043
3524	2071
3525	2109
3526	2169
3527	2171
3528	2184
3529	2239
3530	2235
3531	2221
3532	2341
3533	2401
3534	2353
3535	2357
3536	2445
3537	2383
3538	2471
3539	2359
3540	2554
3541	2486
3542	2534
3543	2560
3544	2596
3545	2664
3546	2628
3547	2611
3548	2684
3549	2778
3550	2738
3551	2726
3552	2744
3553	2798
3554	2868
3555	2878
3556	2886
3557	2891
3558	2994
3559	2851
3560	2917
3561	2932
3562	2957
3563	2971
3564	3037
3565	3070
3566	3134
3567	3061
3568	3111
3569	3101
3570	3171
3571	3196
3572	3169
3573	3265
3574	3160
3575	3276
3576	3249
3577	3284
3578	3306
3579	3279
3580	3304
3581	3292
3582	3312
3583	3223
3584	3237
3585	3404
3586	3322
3587	3377
3588	3432
3589	3360
3590	3399
3591	3423
3592	3476
3593	3432
3594	3441
3595	3419
3596	3483
3597	3534
3598	3484
3599	3440
3600	3480
3601	3515
3602	3513
3603	3402
3604	3483
3605	3478
3606	3438
3607	3446
3608	3498
3609	3491
3610	3483
3611	3434
3612	3476
3613	3498
3614	3494
3615	3447
3616	3437
3617	3501
3618	3366
3619	3420
3620	3410
3621	3542
3622	3411
3623	3402
3624	3431
3625	3348
3626	3381
3627	3371
3628	3404
3629	3406
3630	3339
3631	3319
3632	3299
3633	3271
3634	3277
3635	3203
3636	3259
3637	3185
3638	3254
3639	3192
3640	3120
3641	3213
3642	3179
3643	3066
3644	3039
3645	3108
3646	3059
3647	3059
3648	3046
3649	2944
3650	2968
3651	2980
3652	2901
3653	2930
3654	2870
3655	2862
3656	2783
3657	2785
3658	2797
3659	2689
3660	2686
3661	2733
3662	2655
3663	2651
3664	2639
3665	2621
3666	2576
3667	2514
3668	2530
3669	2484
3670	2521
3671	2384
3672	2364
3673	2395
3674	2364
3675	2337
3676	2228
3677	2266
3678	2255
3679	2193
3680	2186
3681	2122
3682	2079
3683	2012
3684	2055
3685	2036
3686	1988
3687	1939
3688	2026
3689	1910
3690	1842
3691	1910
3692	1749
3693	1823
3694	1743
3695	1740
3696	1776
3697	1685
3698	1657
3699	1643
3700	1570
3701	1571
3702	1553
3703	1551
3704	1513
3705	1472
3706	1467
3707	1433
3708	1375
3709	1389
3710	1359
3711	1329
3712	1332
3713	1326
3714	1277
3715	1214
3716	1240
3717	1214
3718	1191
3719	1065
3720	1116
3721	1146
3722	1116
3723	1046
3724	1031
3725	1032
3726	977
3727	1008
3728	929
3729	928
3730	916
3731	858
3732	904
3733	878
3734	847
3735	832
3736	822
3737	822
3738	762
3739	764
3740	741
3741	759
3742	736
3743	689
3744	695
3745	679
3746	670
3747	642
3748	606
3749	619
3750	641
3751	586
3752	595
3753	579
3754	551
3755	508
3756	542
3757	520
3758	498
3759	465
3760	492
3761	481
3762	477
3763	454
3764	456
3765	424
3766	412
3767	432
3768	400
3769	420
3770	407
3771	366
3772	383
3773	369
3774	348
3775	353
3776	340
3777	343
3778	327
3779	307
3780	302
3781	298
3782	295
3783	266
3784	277
3785	301
3786	270
3787	269
3788	269
3789	250
3790	263
3791	238
3792	243
3793	229
3794	249
3795	216
3796	209
3797	230
3798	193
3799	200
3800	190
3801	197
3802	203
3803	202
3804	191
3805	180
3806	180
3807	178
3808	167
3809	177
3810	162
3811	168
3812	165
3813	157
3814	163
3815	163
3816	163
3817	158
3818	155
3819	155
3820	155
3821	147
3822	142
3823	143
3824	141
3825	144
3826	137
3827	145
3828	141
3829	137
3830	144
3831	134
3832	131
3833	122
3834	128
3835	133
3836	114
3837	124
3838	111
3839	113
3840	130
3841	112
3842	122
3843	130
3844	100
3845	113
3846	120
3847	105
3848	129
3849	111
3850	118
3851	104
3852	100
3853	104
3854	115
3855	112
3856	120
3857	120
3858	111
3859	92
3860	101
3861	117
3862	102
3863	108
3864	96
3865	108
3866	104
3867	104
3868	115
3869	107
3870	93
3871	115
3872	101
3873	108
3874	92
3875	97
3876	107
3877	96
3878	113
3879	98
3880	98
3881	113
3882	97
3883	104
3884	92
3885	107
3886	99
3887	86
3888	103
3889	96
3890	115
3891	107
3892	99
3893	98
3894	110
3895	96
3896	103
3897	95
3898	113
3899	96
3900	101
3901	98
3902	92
3903	90
3904	107
3905	95
3906	104
3907	100
3908	90
3909	104
3910	87
3911	99
3912	96
3913	99
3914	100
3915	97
3916	89
3917	104
3918	103
3919	94
3920	96
3921	96
3922	105
3923	94
3924	93
3925	88
3926	84
3927	97
3928	91
3929	87
3930	107
3931	90
3932	96
3933	94
3934	86
3935	100
3936	102
3937	90
3938	93
3939	100
3940	90
3941	88
3942	93
3943	81
3944	92
3945	91
3946	92
3947	96
3948	88
3949	92
3950	94
3951	93
3952	83
3953	87
3954	96
3955	82
3956	92
3957	91
3958	95
3959	87
3960	93
3961	85
3962	93
3963	86
3964	106
3965	98
3966	84
3967	109
3968	96
3969	109
3970	91
3971	87
3972	96
3973	78
3974	98
3975	95
3976	96
3977	84
3978	91
3979	106
3980	78
3981	85
3982	92
3983	82
3984	87
3985	86
3986	93
3987	84
3988	90
3989	104
3990	93
3991	91
3992	102
3993	90
3994	95
3995	72
3996	73
3997	96
3998	85
3999	93
4000	97
4001	88
4002	100
4003	87
4004	85
4005	75
4006	98
4007	97
4008	90
4009	100
4010	89
4011	91
4012	79
4013	82
4014	89
4015	88
4016	79
4017	97
4018	93
4019	95
4020	85
4021	106
4022	96
4023	93
4024	92
4025	89
4026	81
4027	95
4028	83
4029	89
4030	97
4031	86
4032	79
4033	88
4034	83
4035	86
4036	78
4037	85
4038	89
4039	74
4040	87
4041	84
4042	84
4043	88
4044	84
4045	88
4046	87
4047	93
4048	81
4049	75
4050	88
4051	86
4052	83
4053	89
4054	95
4055	89
4056	91
4057	80
4058	86
4059	92
4060	77
4061	76
4062	78
4063	91
4064	84
4065	82
4066	83
4067	88
4068	86
4069	78
4070	91
4071	92
4072	96
4073	89
4074	88
4075	81
4076	102
4077	88
4078	90
4079	88
4080	74
4081	78
4082	84
4083	84
4084	83
4085	93
4086	81
4087	99
4088	90
4089	86
4090	87
4091	81
4092	87
4093	94
4094	85
4095	85
