Channel	Net_Counts
0	0
1	0
2	0
3	0
4	0
5	0
6	0
7	0
8	0
9	0
10	0
11	0
12	0
13	0
14	0
15	0
16	0
17	0
18	0
19	0
20	0
21	0
22	0
23	0
24	0
25	0
26	0
27	0
28	0
29	0
30	0
31	0
32	0
33	0
34	1
35	0
36	0
37	0
38	0
39	0
40	0
41	0
42	0
43	0
44	0
45	0
46	0
47	0
48	2
49	0
50	1
51	2
52	0
53	1
54	2
55	1
56	0
57	0
58	0
59	0
60	3
61	1
62	1
63	2
64	2
65	0
66	1
67	1
68	0
69	2
70	3
71	0
72	3
73	1
74	1
75	2
76	1
77	3
78	3
79	2
80	1
81	0
82	3
83	1
84	4
85	2
86	0
87	0
88	0
89	0
90	0
91	0
92	0
93	0
94	0
95	4
96	0
97	0
98	1
99	1
100	0
101	0
102	1
103	1
104	2
105	0
106	0
107	1
108	1
109	2
110	0
111	0
112	1
113	2
114	1
115	0
116	1
117	0
118	0
119	0
120	0
121	1
122	0
123	1
124	0
125	1
126	1
127	1
128	3
129	0
130	1
131	0
132	1
133	0
134	2
135	2
136	2
137	33
138	276
139	425
140	200
141	239
142	173
143	175
144	229
145	178
146	256
147	258
148	374
149	281
150	371
151	315
152	407
153	467
154	481
155	400
156	465
157	457
158	491
159	512
160	431
161	405
162	385
163	494
164	388
165	277
166	305
167	326
168	143
169	239
170	173
171	269
172	197
173	181
174	172
175	187
176	171
177	88
178	140
179	114
180	222
181	107
182	145
183	105
184	186
185	132
186	143
187	139
188	194
189	186
190	245
191	194
192	82
193	146
194	222
195	222
196	220
197	237
198	160
199	230
200	200
201	259
202	236
203	244
204	198
205	170
206	201
207	267
208	283
209	264
210	211
211	285
212	311
213	282
214	271
215	273
216	292
217	322
218	322
219	280
220	340
221	282
222	277
223	257
224	379
225	281
226	290
227	320
228	289
229	266
230	269
231	385
232	307
233	272
234	255
235	273
236	339
237	271
238	264
239	236
240	224
241	186
242	289
243	283
244	311
245	282
246	219
247	275
248	325
249	265
250	302
251	330
252	307
253	251
254	288
255	198
256	246
257	258
258	272
259	244
260	208
261	249
262	260
263	197
264	330
265	230
266	262
267	229
268	291
269	220
270	178
271	254
272	220
273	282
274	287
275	216
276	207
277	241
278	198
279	236
280	244
281	235
282	199
283	187
284	229
285	203
286	219
287	148
288	147
289	197
290	158
291	189
292	199
293	163
294	240
295	168
296	192
297	283
298	233
299	204
300	267
301	216
302	217
303	201
304	175
305	219
306	197
307	197
308	194
309	179
310	183
311	127
312	199
313	223
314	164
315	177
316	165
317	166
318	160
319	192
320	218
321	224
322	101
323	153
324	201
325	186
326	140
327	162
328	99
329	110
330	120
331	184
332	149
333	150
334	128
335	136
336	130
337	126
338	92
339	127
340	121
341	100
342	112
343	127
344	139
345	87
346	162
347	94
348	144
349	171
350	150
351	129
352	194
353	145
354	213
355	168
356	154
357	179
358	206
359	200
360	271
361	295
362	271
363	281
364	305
365	334
366	306
367	302
368	371
369	378
370	460
371	389
372	491
373	408
374	488
375	466
376	495
377	525
378	449
379	550
380	515
381	568
382	577
383	629
384	598
385	605
386	597
387	644
388	651
389	597
390	621
391	666
392	662
393	769
394	741
395	631
396	734
397	714
398	745
399	729
400	798
401	803
402	898
403	879
404	850
405	913
406	900
407	986
408	907
409	1042
410	1028
411	1027
412	1059
413	1134
414	1079
415	1089
416	1179
417	1135
418	1107
419	1180
420	1171
421	1084
422	1108
423	1115
424	1116
425	1160
426	1119
427	1151
428	1100
429	1103
430	1124
431	1032
432	1100
433	1033
434	991
435	938
436	847
437	891
438	837
439	805
440	754
441	788
442	723
443	674
444	639
445	591
446	566
447	571
448	497
449	583
450	503
451	553
452	525
453	474
454	525
455	524
456	531
457	544
458	546
459	671
460	681
461	675
462	740
463	790
464	806
465	854
466	908
467	1061
468	1055
469	1093
470	1156
471	1093
472	1295
473	1474
474	1474
475	1577
476	1622
477	1808
478	1756
479	1949
480	2029
481	2117
482	2154
483	2289
484	2455
485	2443
486	2627
487	2496
488	2665
489	2750
490	2750
491	2759
492	2890
493	2915
494	2937
495	2999
496	3033
497	3088
498	3020
499	3052
500	2932
501	3098
502	2936
503	2977
504	2914
505	2906
506	2894
507	2825
508	2805
509	2746
510	2658
511	2477
512	2563
513	2509
514	2440
515	2427
516	2224
517	2184
518	2105
519	2008
520	1962
521	1893
522	1811
523	1737
524	1695
525	1703
526	1526
527	1499
528	1374
529	1369
530	1317
531	1208
532	1175
533	1158
534	1047
535	1016
536	1038
537	1035
538	945
539	922
540	899
541	840
542	865
543	818
544	806
545	750
546	723
547	699
548	712
549	731
550	651
551	703
552	625
553	618
554	584
555	550
556	562
557	514
558	518
559	510
560	479
561	459
562	458
563	405
564	429
565	377
566	360
567	357
568	336
569	372
570	354
571	266
572	307
573	260
574	229
575	244
576	202
577	209
578	195
579	192
580	162
581	197
582	170
583	133
584	126
585	148
586	139
587	84
588	127
589	88
590	81
591	117
592	113
593	107
594	90
595	105
596	125
597	117
598	94
599	93
600	112
601	103
602	73
603	128
604	114
605	102
606	92
607	97
608	108
609	102
610	110
611	100
612	145
613	116
614	116
615	131
616	122
617	124
618	152
619	131
620	145
621	124
622	147
623	148
624	142
625	116
626	165
627	130
628	142
629	110
630	157
631	145
632	110
633	123
634	146
635	124
636	129
637	116
638	86
639	106
640	96
641	118
642	116
643	94
644	87
645	102
646	109
647	83
648	98
649	85
650	66
651	65
652	76
653	58
654	65
655	45
656	37
657	50
658	2
659	27
660	61
661	28
662	17
663	43
664	35
665	11
666	0
667	22
668	6
669	46
670	44
671	32
672	17
673	24
674	3
675	16
676	8
677	21
678	28
679	0
680	8
681	0
682	17
683	31
684	0
685	25
686	4
687	7
688	0
689	0
690	18
691	0
692	16
693	2
694	0
695	9
696	8
697	0
698	0
699	10
700	6
701	6
702	0
703	13
704	2
705	0
706	0
707	0
708	9
709	0
710	0
711	0
712	0
713	0
714	0
715	0
716	19
717	5
718	0
719	0
720	0
721	0
722	5
723	0
724	4
725	0
726	0
727	0
728	11
729	0
730	0
731	15
732	9
733	11
734	21
735	0
736	0
737	0
738	0
739	7
740	0
741	3
742	34
743	0
744	21
745	0
746	0
747	0
748	13
749	6
750	0
751	0
752	0
753	0
754	1
755	14
756	0
757	0
758	0
759	29
760	26
761	1
762	0
763	0
764	0
765	0
766	1
767	3
768	1
769	33
770	0
771	0
772	16
773	0
774	0
775	0
776	0
777	2
778	0
779	0
780	6
781	0
782	21
783	0
784	0
785	7
786	16
787	0
788	0
789	7
790	0
791	5
792	4
793	10
794	0
795	0
796	26
797	2
798	21
799	22
800	0
801	0
802	0
803	4
804	14
805	6
806	0
807	0
808	0
809	0
810	0
811	11
812	27
813	0
814	0
815	13
816	21
817	0
818	0
819	17
820	12
821	3
822	0
823	0
824	0
825	12
826	23
827	5
828	0
829	0
830	0
831	13
832	0
833	0
834	0
835	0
836	7
837	0
838	0
839	0
840	0
841	0
842	34
843	0
844	0
845	4
846	3
847	0
848	0
849	2
850	0
851	0
852	0
853	0
854	0
855	0
856	11
857	0
858	0
859	0
860	0
861	0
862	16
863	5
864	0
865	7
866	9
867	0
868	0
869	0
870	6
871	0
872	0
873	0
874	0
875	1
876	0
877	0
878	0
879	0
880	0
881	1
882	0
883	3
884	2
885	6
886	0
887	5
888	26
889	11
890	0
891	0
892	0
893	0
894	13
895	0
896	1
897	0
898	3
899	0
900	3
901	0
902	0
903	0
904	0
905	16
906	0
907	0
908	0
909	0
910	0
911	0
912	0
913	11
914	0
915	0
916	0
917	0
918	0
919	16
920	0
921	0
922	0
923	1
924	0
925	15
926	0
927	11
928	0
929	3
930	0
931	7
932	1
933	10
934	24
935	0
936	6
937	17
938	5
939	11
940	0
941	0
942	0
943	0
944	0
945	9
946	0
947	17
948	7
949	14
950	5
951	2
952	0
953	0
954	3
955	0
956	0
957	0
958	0
959	14
960	0
961	3
962	2
963	0
964	0
965	1
966	20
967	4
968	0
969	0
970	0
971	0
972	0
973	0
974	0
975	11
976	0
977	0
978	0
979	3
980	0
981	10
982	0
983	0
984	12
985	11
986	0
987	1
988	0
989	8
990	0
991	1
992	0
993	0
994	10
995	0
996	21
997	0
998	15
999	15
1000	2
1001	0
1002	0
1003	0
1004	0
1005	0
1006	18
1007	0
1008	0
1009	0
1010	0
1011	8
1012	0
1013	11
1014	0
1015	6
1016	0
1017	12
1018	9
1019	2
1020	0
1021	0
1022	0
1023	2
1024	0
1025	0
1026	0
1027	8
1028	0
1029	0
1030	0
1031	11
1032	7
1033	0
1034	0
1035	0
1036	0
1037	0
1038	0
1039	5
1040	0
1041	0
1042	15
1043	0
1044	0
1045	0
1046	0
1047	6
1048	0
1049	0
1050	0
1051	0
1052	0
1053	0
1054	0
1055	18
1056	2
1057	0
1058	9
1059	0
1060	4
1061	2
1062	0
1063	0
1064	0
1065	16
1066	0
1067	0
1068	0
1069	0
1070	0
1071	0
1072	17
1073	0
1074	0
1075	0
1076	5
1077	8
1078	0
1079	0
1080	0
1081	0
1082	0
1083	0
1084	0
1085	0
1086	15
1087	0
1088	14
1089	10
1090	0
1091	1
1092	6
1093	3
1094	0
1095	0
1096	0
1097	4
1098	6
1099	0
1100	5
1101	0
1102	8
1103	12
1104	7
1105	0
1106	1
1107	3
1108	14
1109	0
1110	0
1111	0
1112	14
1113	0
1114	0
1115	0
1116	7
1117	3
1118	0
1119	7
1120	0
1121	0
1122	4
1123	0
1124	0
1125	0
1126	0
1127	0
1128	0
1129	3
1130	14
1131	0
1132	0
1133	0
1134	0
1135	0
1136	0
1137	0
1138	0
1139	7
1140	0
1141	3
1142	0
1143	0
1144	0
1145	0
1146	7
1147	9
1148	0
1149	0
1150	0
1151	7
1152	0
1153	0
1154	0
1155	0
1156	0
1157	0
1158	0
1159	0
1160	0
1161	0
1162	6
1163	0
1164	8
1165	0
1166	0
1167	0
1168	0
1169	0
1170	0
1171	2
1172	0
1173	5
1174	16
1175	0
1176	5
1177	0
1178	13
1179	0
1180	0
1181	0
1182	0
1183	0
1184	0
1185	0
1186	0
1187	0
1188	0
1189	0
1190	0
1191	0
1192	0
1193	1
1194	0
1195	4
1196	0
1197	7
1198	0
1199	0
1200	0
1201	0
1202	0
1203	0
1204	10
1205	0
1206	0
1207	0
1208	0
1209	0
1210	0
1211	0
1212	0
1213	0
1214	0
1215	3
1216	15
1217	0
1218	10
1219	14
1220	2
1221	0
1222	0
1223	0
1224	0
1225	8
1226	8
1227	0
1228	0
1229	0
1230	0
1231	0
1232	9
1233	0
1234	0
1235	0
1236	0
1237	0
1238	13
1239	0
1240	0
1241	2
1242	6
1243	0
1244	0
1245	0
1246	2
1247	0
1248	2
1249	9
1250	0
1251	0
1252	0
1253	0
1254	0
1255	0
1256	0
1257	7
1258	17
1259	7
1260	0
1261	22
1262	5
1263	1
1264	0
1265	9
1266	0
1267	0
1268	4
1269	3
1270	0
1271	0
1272	0
1273	9
1274	0
1275	0
1276	0
1277	5
1278	1
1279	9
1280	0
1281	3
1282	3
1283	2
1284	0
1285	9
1286	0
1287	3
1288	0
1289	0
1290	3
1291	0
1292	0
1293	1
1294	0
1295	0
1296	0
1297	0
1298	0
1299	7
1300	10
1301	3
1302	0
1303	0
1304	0
1305	3
1306	0
1307	0
1308	6
1309	0
1310	12
1311	0
1312	0
1313	0
1314	0
1315	0
1316	0
1317	0
1318	0
1319	0
1320	0
1321	0
1322	5
1323	9
1324	1
1325	0
1326	0
1327	14
1328	12
1329	0
1330	0
1331	7
1332	10
1333	7
1334	8
1335	4
1336	9
1337	0
1338	0
1339	3
1340	0
1341	0
1342	0
1343	0
1344	0
1345	3
1346	2
1347	0
1348	0
1349	0
1350	0
1351	1
1352	0
1353	7
1354	0
1355	0
1356	0
1357	0
1358	4
1359	10
1360	0
1361	4
1362	0
1363	13
1364	0
1365	0
1366	0
1367	8
1368	0
1369	0
1370	4
1371	11
1372	7
1373	0
1374	0
1375	0
1376	0
1377	0
1378	12
1379	0
1380	0
1381	0
1382	13
1383	0
1384	0
1385	0
1386	2
1387	6
1388	1
1389	4
1390	0
1391	0
1392	0
1393	0
1394	0
1395	0
1396	0
1397	0
1398	0
1399	0
1400	0
1401	0
1402	0
1403	11
1404	12
1405	1
1406	0
1407	0
1408	0
1409	0
1410	1
1411	0
1412	0
1413	0
1414	8
1415	0
1416	21
1417	0
1418	0
1419	0
1420	0
1421	0
1422	0
1423	0
1424	0
1425	4
1426	0
1427	0
1428	0
1429	7
1430	5
1431	3
1432	0
1433	0
1434	0
1435	1
1436	6
1437	8
1438	0
1439	0
1440	0
1441	3
1442	0
1443	8
1444	0
1445	12
1446	9
1447	7
1448	0
1449	2
1450	0
1451	0
1452	2
1453	0
1454	0
1455	0
1456	0
1457	0
1458	0
1459	0
1460	0
1461	0
1462	0
1463	0
1464	0
1465	3
1466	0
1467	22
1468	0
1469	0
1470	4
1471	0
1472	0
1473	2
1474	0
1475	0
1476	0
1477	0
1478	0
1479	5
1480	14
1481	0
1482	0
1483	0
1484	0
1485	0
1486	0
1487	0
1488	1
1489	1
1490	0
1491	4
1492	0
1493	0
1494	0
1495	0
1496	0
1497	5
1498	7
1499	11
1500	0
1501	2
1502	4
1503	0
1504	0
1505	14
1506	0
1507	4
1508	19
1509	0
1510	10
1511	6
1512	0
1513	6
1514	0
1515	4
1516	0
1517	0
1518	0
1519	0
1520	6
1521	1
1522	0
1523	3
1524	2
1525	0
1526	9
1527	1
1528	0
1529	0
1530	13
1531	0
1532	0
1533	0
1534	0
1535	9
1536	0
1537	7
1538	0
1539	0
1540	0
1541	0
1542	4
1543	3
1544	0
1545	0
1546	10
1547	0
1548	0
1549	0
1550	0
1551	6
1552	3
1553	2
1554	16
1555	1
1556	8
1557	0
1558	3
1559	4
1560	4
1561	5
1562	1
1563	0
1564	0
1565	5
1566	0
1567	0
1568	7
1569	0
1570	0
1571	0
1572	0
1573	0
1574	0
1575	0
1576	0
1577	7
1578	0
1579	0
1580	0
1581	5
1582	0
1583	0
1584	0
1585	0
1586	5
1587	1
1588	0
1589	0
1590	0
1591	0
1592	14
1593	0
1594	4
1595	7
1596	0
1597	3
1598	3
1599	0
1600	0
1601	0
1602	0
1603	1
1604	4
1605	0
1606	0
1607	0
1608	0
1609	10
1610	0
1611	0
1612	3
1613	0
1614	0
1615	0
1616	0
1617	0
1618	6
1619	0
1620	0
1621	5
1622	1
1623	6
1624	0
1625	0
1626	0
1627	1
1628	0
1629	0
1630	0
1631	8
1632	0
1633	0
1634	0
1635	2
1636	0
1637	6
1638	0
1639	5
1640	0
1641	0
1642	0
1643	0
1644	0
1645	0
1646	0
1647	0
1648	0
1649	4
1650	0
1651	0
1652	5
1653	6
1654	0
1655	0
1656	0
1657	0
1658	0
1659	0
1660	7
1661	0
1662	0
1663	1
1664	0
1665	0
1666	0
1667	0
1668	0
1669	0
1670	5
1671	3
1672	0
1673	1
1674	6
1675	0
1676	0
1677	0
1678	0
1679	3
1680	2
1681	0
1682	7
1683	0
1684	3
1685	9
1686	3
1687	0
1688	0
1689	13
1690	0
1691	0
1692	1
1693	2
1694	0
1695	0
1696	1
1697	8
1698	0
1699	0
1700	3
1701	0
1702	0
1703	11
1704	0
1705	0
1706	0
1707	4
1708	2
1709	4
1710	0
1711	8
1712	0
1713	0
1714	2
1715	4
1716	1
1717	0
1718	2
1719	0
1720	0
1721	1
1722	0
1723	0
1724	7
1725	0
1726	0
1727	0
1728	11
1729	0
1730	2
1731	8
1732	0
1733	6
1734	0
1735	2
1736	0
1737	11
1738	6
1739	2
1740	0
1741	5
1742	0
1743	0
1744	8
1745	5
1746	3
1747	0
1748	4
1749	0
1750	0
1751	0
1752	0
1753	0
1754	1
1755	0
1756	4
1757	0
1758	1
1759	0
1760	0
1761	14
1762	0
1763	0
1764	2
1765	4
1766	5
1767	0
1768	0
1769	4
1770	0
1771	0
1772	0
1773	0
1774	3
1775	3
1776	7
1777	0
1778	0
1779	0
1780	0
1781	7
1782	0
1783	0
1784	0
1785	0
1786	0
1787	0
1788	0
1789	0
1790	2
1791	7
1792	1
1793	0
1794	0
1795	2
1796	0
1797	4
1798	0
1799	0
1800	5
1801	0
1802	0
1803	0
1804	0
1805	9
1806	0
1807	2
1808	5
1809	4
1810	0
1811	10
1812	4
1813	2
1814	3
1815	0
1816	2
1817	0
1818	5
1819	2
1820	0
1821	0
1822	1
1823	0
1824	9
1825	0
1826	0
1827	0
1828	0
1829	4
1830	0
1831	0
1832	3
1833	5
1834	0
1835	17
1836	0
1837	0
1838	0
1839	0
1840	0
1841	5
1842	6
1843	6
1844	3
1845	1
1846	0
1847	0
1848	0
1849	0
1850	0
1851	0
1852	0
1853	10
1854	2
1855	0
1856	0
1857	5
1858	0
1859	12
1860	4
1861	3
1862	0
1863	0
1864	12
1865	4
1866	4
1867	1
1868	0
1869	0
1870	1
1871	0
1872	7
1873	8
1874	1
1875	0
1876	0
1877	0
1878	0
1879	0
1880	0
1881	3
1882	0
1883	3
1884	4
1885	5
1886	0
1887	1
1888	1
1889	2
1890	4
1891	5
1892	0
1893	0
1894	0
1895	0
1896	0
1897	12
1898	4
1899	0
1900	9
1901	0
1902	0
1903	8
1904	3
1905	0
1906	9
1907	3
1908	0
1909	8
1910	0
1911	5
1912	0
1913	0
1914	0
1915	0
1916	9
1917	17
1918	3
1919	16
1920	7
1921	7
1922	0
1923	0
1924	0
1925	2
1926	5
1927	9
1928	0
1929	0
1930	0
1931	5
1932	2
1933	10
1934	8
1935	0
1936	0
1937	0
1938	0
1939	3
1940	3
1941	2
1942	4
1943	0
1944	0
1945	0
1946	0
1947	0
1948	2
1949	2
1950	4
1951	0
1952	0
1953	0
1954	4
1955	11
1956	9
1957	2
1958	21
1959	1
1960	9
1961	0
1962	0
1963	0
1964	0
1965	0
1966	3
1967	3
1968	2
1969	0
1970	6
1971	0
1972	8
1973	9
1974	4
1975	0
1976	13
1977	7
1978	0
1979	8
1980	12
1981	0
1982	7
1983	5
1984	24
1985	4
1986	19
1987	0
1988	8
1989	0
1990	1
1991	0
1992	0
1993	2
1994	1
1995	4
1996	5
1997	36
1998	12
1999	6
2000	5
2001	9
2002	12
2003	0
2004	0
2005	0
2006	17
2007	0
2008	9
2009	0
2010	0
2011	0
2012	0
2013	0
2014	2
2015	3
2016	8
2017	0
2018	8
2019	0
2020	1
2021	0
2022	0
2023	0
2024	4
2025	0
2026	2
2027	5
2028	0
2029	14
2030	0
2031	0
2032	0
2033	4
2034	1
2035	0
2036	14
2037	4
2038	10
2039	8
2040	9
2041	0
2042	0
2043	0
2044	0
2045	0
2046	0
2047	0
2048	0
2049	5
2050	0
2051	0
2052	0
2053	7
2054	0
2055	17
2056	0
2057	14
2058	0
2059	0
2060	8
2061	0
2062	0
2063	0
2064	0
2065	0
2066	3
2067	0
2068	0
2069	0
2070	0
2071	0
2072	4
2073	0
2074	3
2075	0
2076	0
2077	0
2078	0
2079	0
2080	0
2081	8
2082	2
2083	6
2084	7
2085	0
2086	0
2087	0
2088	0
2089	0
2090	0
2091	21
2092	14
2093	0
2094	2
2095	0
2096	0
2097	0
2098	2
2099	0
2100	0
2101	2
2102	0
2103	12
2104	0
2105	5
2106	0
2107	0
2108	0
2109	9
2110	0
2111	0
2112	0
2113	0
2114	0
2115	0
2116	0
2117	0
2118	0
2119	0
2120	0
2121	0
2122	0
2123	1
2124	0
2125	0
2126	0
2127	10
2128	0
2129	0
2130	2
2131	0
2132	1
2133	0
2134	0
2135	0
2136	0
2137	0
2138	0
2139	0
2140	0
2141	0
2142	0
2143	0
2144	0
2145	0
2146	0
2147	6
2148	0
2149	2
2150	0
2151	0
2152	0
2153	0
2154	0
2155	5
2156	0
2157	0
2158	0
2159	0
2160	0
2161	0
2162	1
2163	0
2164	0
2165	0
2166	0
2167	0
2168	1
2169	0
2170	0
2171	0
2172	0
2173	0
2174	0
2175	0
2176	8
2177	2
2178	0
2179	1
2180	2
2181	5
2182	0
2183	5
2184	5
2185	2
2186	2
2187	0
2188	0
2189	0
2190	5
2191	0
2192	0
2193	2
2194	5
2195	0
2196	1
2197	0
2198	3
2199	0
2200	3
2201	3
2202	0
2203	11
2204	1
2205	0
2206	0
2207	0
2208	0
2209	2
2210	3
2211	1
2212	4
2213	0
2214	0
2215	3
2216	0
2217	0
2218	1
2219	1
2220	0
2221	10
2222	0
2223	8
2224	0
2225	0
2226	1
2227	0
2228	5
2229	0
2230	2
2231	0
2232	6
2233	0
2234	6
2235	0
2236	0
2237	0
2238	0
2239	0
2240	0
2241	0
2242	0
2243	0
2244	0
2245	3
2246	4
2247	0
2248	5
2249	7
2250	3
2251	5
2252	6
2253	0
2254	1
2255	0
2256	0
2257	0
2258	0
2259	3
2260	0
2261	2
2262	2
2263	0
2264	0
2265	0
2266	0
2267	4
2268	0
2269	0
2270	7
2271	0
2272	7
2273	0
2274	6
2275	0
2276	14
2277	4
2278	0
2279	0
2280	0
2281	0
2282	0
2283	1
2284	0
2285	9
2286	3
2287	2
2288	0
2289	0
2290	0
2291	0
2292	0
2293	2
2294	0
2295	0
2296	2
2297	0
2298	0
2299	0
2300	0
2301	2
2302	7
2303	0
2304	0
2305	0
2306	0
2307	1
2308	4
2309	2
2310	8
2311	0
2312	0
2313	0
2314	0
2315	0
2316	3
2317	10
2318	0
2319	0
2320	0
2321	0
2322	0
2323	0
2324	0
2325	0
2326	0
2327	3
2328	0
2329	0
2330	0
2331	1
2332	8
2333	0
2334	0
2335	3
2336	0
2337	0
2338	0
2339	0
2340	0
2341	3
2342	3
2343	0
2344	2
2345	7
2346	1
2347	0
2348	3
2349	0
2350	2
2351	9
2352	5
2353	0
2354	0
2355	5
2356	0
2357	0
2358	0
2359	0
2360	1
2361	0
2362	0
2363	3
2364	0
2365	0
2366	1
2367	0
2368	5
2369	4
2370	1
2371	1
2372	0
2373	2
2374	0
2375	0
2376	0
2377	0
2378	5
2379	0
2380	0
2381	1
2382	2
2383	6
2384	0
2385	0
2386	8
2387	0
2388	0
2389	1
2390	0
2391	2
2392	0
2393	2
2394	0
2395	3
2396	5
2397	5
2398	0
2399	0
2400	4
2401	1
2402	3
2403	0
2404	1
2405	0
2406	0
2407	1
2408	0
2409	0
2410	0
2411	6
2412	0
2413	0
2414	0
2415	1
2416	3
2417	0
2418	0
2419	2
2420	4
2421	0
2422	2
2423	0
2424	0
2425	6
2426	8
2427	0
2428	4
2429	0
2430	1
2431	2
2432	0
2433	0
2434	2
2435	0
2436	5
2437	0
2438	4
2439	6
2440	0
2441	6
2442	3
2443	0
2444	0
2445	0
2446	0
2447	0
2448	1
2449	0
2450	0
2451	0
2452	8
2453	0
2454	5
2455	0
2456	0
2457	0
2458	1
2459	5
2460	0
2461	0
2462	0
2463	0
2464	0
2465	0
2466	0
2467	2
2468	0
2469	1
2470	0
2471	0
2472	0
2473	0
2474	2
2475	0
2476	0
2477	1
2478	0
2479	2
2480	0
2481	0
2482	2
2483	0
2484	3
2485	0
2486	1
2487	0
2488	1
2489	0
2490	0
2491	4
2492	1
2493	4
2494	0
2495	0
2496	0
2497	0
2498	0
2499	0
2500	4
2501	0
2502	7
2503	5
2504	1
2505	1
2506	4
2507	5
2508	5
2509	0
2510	2
2511	0
2512	0
2513	0
2514	0
2515	1
2516	0
2517	1
2518	0
2519	1
2520	0
2521	0
2522	0
2523	1
2524	0
2525	2
2526	2
2527	0
2528	0
2529	2
2530	0
2531	3
2532	0
2533	0
2534	0
2535	3
2536	1
2537	2
2538	0
2539	0
2540	0
2541	0
2542	0
2543	0
2544	0
2545	0
2546	4
2547	0
2548	1
2549	0
2550	0
2551	1
2552	0
2553	2
2554	2
2555	4
2556	0
2557	0
2558	1
2559	0
2560	0
2561	3
2562	3
2563	1
2564	3
2565	0
2566	1
2567	0
2568	0
2569	3
2570	0
2571	2
2572	1
2573	0
2574	0
2575	0
2576	0
2577	0
2578	0
2579	2
2580	0
2581	2
2582	0
2583	0
2584	2
2585	3
2586	0
2587	2
2588	0
2589	0
2590	5
2591	0
2592	5
2593	1
2594	2
2595	0
2596	4
2597	4
2598	2
2599	0
2600	1
2601	4
2602	0
2603	1
2604	3
2605	0
2606	1
2607	2
2608	0
2609	4
2610	0
2611	0
2612	1
2613	2
2614	0
2615	0
2616	3
2617	0
2618	0
2619	0
2620	0
2621	3
2622	0
2623	0
2624	0
2625	0
2626	7
2627	0
2628	0
2629	0
2630	0
2631	1
2632	0
2633	0
2634	3
2635	0
2636	6
2637	0
2638	2
2639	0
2640	0
2641	0
2642	0
2643	0
2644	2
2645	0
2646	0
2647	0
2648	0
2649	1
2650	0
2651	0
2652	0
2653	2
2654	0
2655	0
2656	0
2657	0
2658	0
2659	0
2660	0
2661	0
2662	0
2663	0
2664	0
2665	0
2666	3
2667	1
2668	0
2669	0
2670	0
2671	2
2672	0
2673	0
2674	1
2675	0
2676	0
2677	0
2678	0
2679	0
2680	0
2681	0
2682	0
2683	1
2684	0
2685	0
2686	0
2687	1
2688	1
2689	1
2690	3
2691	0
2692	0
2693	1
2694	1
2695	0
2696	0
2697	0
2698	1
2699	0
2700	6
2701	0
2702	0
2703	4
2704	0
2705	3
2706	0
2707	3
2708	1
2709	0
2710	3
2711	3
2712	6
2713	2
2714	2
2715	0
2716	1
2717	3
2718	2
2719	1
2720	2
2721	1
2722	0
2723	0
2724	0
2725	0
2726	2
2727	3
2728	3
2729	1
2730	2
2731	4
2732	0
2733	1
2734	9
2735	1
2736	0
2737	0
2738	1
2739	0
2740	0
2741	3
2742	2
2743	0
2744	0
2745	1
2746	2
2747	1
2748	3
2749	0
2750	0
2751	1
2752	0
2753	6
2754	0
2755	0
2756	0
2757	0
2758	2
2759	0
2760	0
2761	2
2762	2
2763	0
2764	1
2765	0
2766	2
2767	3
2768	0
2769	0
2770	3
2771	0
2772	0
2773	2
2774	0
2775	0
2776	0
2777	0
2778	1
2779	0
2780	0
2781	2
2782	0
2783	0
2784	1
2785	0
2786	0
2787	3
2788	0
2789	7
2790	0
2791	0
2792	0
2793	1
2794	0
2795	0
2796	4
2797	0
2798	3
2799	3
2800	0
2801	0
2802	0
2803	0
2804	3
2805	0
2806	0
2807	3
2808	0
2809	4
2810	0
2811	0
2812	0
2813	0
2814	1
2815	0
2816	0
2817	0
2818	0
2819	6
2820	1
2821	0
2822	3
2823	0
2824	2
2825	0
2826	0
2827	2
2828	0
2829	0
2830	3
2831	1
2832	0
2833	3
2834	4
2835	0
2836	1
2837	0
2838	0
2839	2
2840	4
2841	1
2842	2
2843	0
2844	0
2845	2
2846	1
2847	0
2848	0
2849	0
2850	2
2851	1
2852	5
2853	5
2854	0
2855	3
2856	0
2857	1
2858	1
2859	1
2860	3
2861	0
2862	1
2863	0
2864	4
2865	6
2866	4
2867	3
2868	2
2869	0
2870	1
2871	0
2872	0
2873	0
2874	3
2875	0
2876	0
2877	0
2878	0
2879	0
2880	0
2881	1
2882	3
2883	0
2884	1
2885	5
2886	0
2887	0
2888	0
2889	0
2890	4
2891	1
2892	2
2893	0
2894	0
2895	0
2896	0
2897	0
2898	1
2899	3
2900	0
2901	0
2902	0
2903	0
2904	0
2905	2
2906	1
2907	0
2908	0
2909	1
2910	0
2911	4
2912	0
2913	1
2914	4
2915	3
2916	0
2917	7
2918	1
2919	0
2920	0
2921	0
2922	0
2923	0
2924	1
2925	0
2926	4
2927	0
2928	3
2929	8
2930	0
2931	1
2932	1
2933	0
2934	0
2935	3
2936	2
2937	11
2938	0
2939	1
2940	7
2941	4
2942	1
2943	0
2944	1
2945	0
2946	1
2947	3
2948	0
2949	0
2950	0
2951	3
2952	7
2953	0
2954	2
2955	0
2956	0
2957	0
2958	0
2959	0
2960	3
2961	0
2962	1
2963	0
2964	2
2965	0
2966	1
2967	0
2968	3
2969	0
2970	0
2971	1
2972	0
2973	0
2974	0
2975	0
2976	2
2977	5
2978	2
2979	0
2980	3
2981	5
2982	3
2983	0
2984	3
2985	0
2986	1
2987	0
2988	0
2989	3
2990	0
2991	3
2992	8
2993	0
2994	1
2995	0
2996	2
2997	0
2998	2
2999	0
3000	0
3001	6
3002	0
3003	1
3004	0
3005	0
3006	0
3007	0
3008	0
3009	0
3010	0
3011	0
3012	0
3013	0
3014	8
3015	0
3016	0
3017	3
3018	3
3019	0
3020	2
3021	5
3022	0
3023	3
3024	0
3025	0
3026	4
3027	2
3028	0
3029	0
3030	0
3031	5
3032	2
3033	2
3034	0
3035	0
3036	0
3037	0
3038	3
3039	1
3040	0
3041	1
3042	4
3043	1
3044	1
3045	2
3046	0
3047	3
3048	0
3049	0
3050	0
3051	4
3052	1
3053	0
3054	3
3055	0
3056	0
3057	2
3058	0
3059	0
3060	1
3061	0
3062	0
3063	5
3064	0
3065	3
3066	0
3067	0
3068	0
3069	0
3070	1
3071	4
3072	0
3073	5
3074	0
3075	2
3076	8
3077	3
3078	0
3079	0
3080	0
3081	0
3082	0
3083	0
3084	0
3085	8
3086	0
3087	0
3088	0
3089	4
3090	0
3091	1
3092	0
3093	0
3094	0
3095	0
3096	2
3097	4
3098	0
3099	0
3100	4
3101	0
3102	0
3103	0
3104	1
3105	1
3106	0
3107	0
3108	0
3109	0
3110	0
3111	0
3112	0
3113	2
3114	1
3115	2
3116	0
3117	5
3118	0
3119	0
3120	0
3121	0
3122	0
3123	4
3124	0
3125	1
3126	0
3127	0
3128	0
3129	0
3130	5
3131	4
3132	3
3133	0
3134	0
3135	0
3136	0
3137	0
3138	0
3139	0
3140	1
3141	0
3142	2
3143	0
3144	0
3145	4
3146	0
3147	0
3148	0
3149	0
3150	0
3151	0
3152	0
3153	0
3154	0
3155	0
3156	0
3157	1
3158	4
3159	0
3160	0
3161	2
3162	4
3163	3
3164	5
3165	2
3166	4
3167	0
3168	0
3169	1
3170	0
3171	0
3172	2
3173	0
3174	3
3175	2
3176	4
3177	3
3178	0
3179	3
3180	0
3181	0
3182	0
3183	5
3184	0
3185	2
3186	0
3187	0
3188	0
3189	1
3190	0
3191	0
3192	0
3193	0
3194	0
3195	5
3196	1
3197	0
3198	0
3199	3
3200	0
3201	0
3202	0
3203	4
3204	1
3205	0
3206	1
3207	0
3208	2
3209	2
3210	0
3211	0
3212	4
3213	0
3214	0
3215	0
3216	5
3217	0
3218	1
3219	2
3220	0
3221	0
3222	1
3223	0
3224	0
3225	0
3226	0
3227	0
3228	0
3229	2
3230	0
3231	0
3232	0
3233	5
3234	0
3235	0
3236	0
3237	2
3238	0
3239	0
3240	2
3241	1
3242	0
3243	0
3244	2
3245	0
3246	0
3247	0
3248	2
3249	0
3250	0
3251	0
3252	0
3253	3
3254	0
3255	0
3256	0
3257	2
3258	0
3259	0
3260	3
3261	0
3262	0
3263	5
3264	0
3265	0
3266	0
3267	1
3268	0
3269	0
3270	0
3271	0
3272	0
3273	0
3274	0
3275	0
3276	0
3277	0
3278	0
3279	0
3280	0
3281	0
3282	0
3283	1
3284	0
3285	1
3286	0
3287	0
3288	1
3289	5
3290	0
3291	3
3292	0
3293	0
3294	0
3295	0
3296	1
3297	0
3298	0
3299	0
3300	0
3301	0
3302	0
3303	0
3304	0
3305	0
3306	0
3307	0
3308	4
3309	1
3310	0
3311	0
3312	1
3313	1
3314	0
3315	3
3316	2
3317	0
3318	2
3319	0
3320	0
3321	2
3322	2
3323	0
3324	0
3325	0
3326	0
3327	2
3328	1
3329	0
3330	0
3331	2
3332	0
3333	0
3334	0
3335	0
3336	0
3337	3
3338	0
3339	1
3340	0
3341	2
3342	1
3343	0
3344	7
3345	0
3346	1
3347	0
3348	0
3349	0
3350	2
3351	2
3352	1
3353	0
3354	1
3355	0
3356	0
3357	3
3358	0
3359	0
3360	3
3361	0
3362	1
3363	3
3364	0
3365	2
3366	0
3367	0
3368	4
3369	2
3370	0
3371	1
3372	0
3373	0
3374	0
3375	0
3376	3
3377	0
3378	0
3379	2
3380	0
3381	2
3382	0
3383	0
3384	0
3385	0
3386	2
3387	0
3388	0
3389	0
3390	2
3391	0
3392	1
3393	0
3394	0
3395	0
3396	0
3397	0
3398	0
3399	0
3400	0
3401	0
3402	0
3403	0
3404	1
3405	2
3406	0
3407	3
3408	0
3409	1
3410	2
3411	1
3412	0
3413	0
3414	0
3415	0
3416	0
3417	3
3418	0
3419	1
3420	0
3421	1
3422	2
3423	0
3424	0
3425	0
3426	0
3427	1
3428	2
3429	2
3430	2
3431	2
3432	0
3433	0
3434	0
3435	0
3436	2
3437	0
3438	2
3439	1
3440	0
3441	1
3442	2
3443	0
3444	0
3445	0
3446	2
3447	3
3448	0
3449	0
3450	0
3451	0
3452	1
3453	3
3454	0
3455	0
3456	0
3457	0
3458	0
3459	2
3460	0
3461	0
3462	0
3463	3
3464	1
3465	0
3466	2
3467	0
3468	0
3469	0
3470	0
3471	2
3472	0
3473	0
3474	0
3475	0
3476	2
3477	3
3478	0
3479	0
3480	4
3481	2
3482	0
3483	0
3484	0
3485	1
3486	0
3487	3
3488	0
3489	1
3490	0
3491	4
3492	4
3493	5
3494	0
3495	3
3496	0
3497	2
3498	2
3499	0
3500	2
3501	0
3502	0
3503	0
3504	0
3505	1
3506	0
3507	0
3508	0
3509	0
3510	0
3511	0
3512	4
3513	3
3514	0
3515	0
3516	1
3517	0
3518	1
3519	3
3520	0
3521	2
3522	0
3523	4
3524	2
3525	0
3526	0
3527	3
3528	5
3529	2
3530	0
3531	0
3532	0
3533	1
3534	4
3535	0
3536	0
3537	2
3538	9
3539	0
3540	0
3541	2
3542	0
3543	3
3544	1
3545	0
3546	1
3547	0
3548	4
3549	3
3550	0
3551	4
3552	0
3553	4
3554	0
3555	2
3556	0
3557	1
3558	0
3559	0
3560	1
3561	5
3562	5
3563	5
3564	8
3565	1
3566	5
3567	0
3568	3
3569	5
3570	0
3571	0
3572	0
3573	0
3574	0
3575	6
3576	0
3577	7
3578	0
3579	4
3580	2
3581	1
3582	0
3583	7
3584	4
3585	0
3586	0
3587	0
3588	0
3589	4
3590	0
3591	3
3592	0
3593	0
3594	2
3595	0
3596	0
3597	3
3598	0
3599	0
3600	7
3601	1
3602	0
3603	0
3604	0
3605	2
3606	0
3607	2
3608	0
3609	0
3610	2
3611	0
3612	0
3613	0
3614	0
3615	0
3616	3
3617	0
3618	0
3619	5
3620	0
3621	6
3622	3
3623	6
3624	0
3625	0
3626	0
3627	0
3628	8
3629	2
3630	0
3631	0
3632	0
3633	7
3634	6
3635	0
3636	2
3637	0
3638	0
3639	3
3640	0
3641	0
3642	0
3643	0
3644	8
3645	0
3646	0
3647	7
3648	3
3649	0
3650	8
3651	3
3652	6
3653	0
3654	0
3655	0
3656	4
3657	4
3658	0
3659	2
3660	4
3661	2
3662	0
3663	0
3664	0
3665	0
3666	0
3667	0
3668	0
3669	0
3670	0
3671	9
3672	6
3673	0
3674	0
3675	0
3676	3
3677	1
3678	0
3679	0
3680	8
3681	1
3682	0
3683	0
3684	0
3685	0
3686	0
3687	1
3688	1
3689	2
3690	4
3691	3
3692	0
3693	0
3694	0
3695	0
3696	0
3697	0
3698	0
3699	0
3700	0
3701	1
3702	1
3703	0
3704	4
3705	0
3706	0
3707	0
3708	1
3709	1
3710	0
3711	0
3712	0
3713	3
3714	2
3715	0
3716	1
3717	0
3718	0
3719	0
3720	0
3721	0
3722	2
3723	1
3724	0
3725	0
3726	0
3727	0
3728	5
3729	0
3730	0
3731	1
3732	0
3733	0
3734	0
3735	0
3736	0
3737	0
3738	1
3739	1
3740	0
3741	0
3742	0
3743	0
3744	2
3745	5
3746	0
3747	0
3748	5
3749	0
3750	1
3751	0
3752	0
3753	0
3754	1
3755	0
3756	0
3757	0
3758	0
3759	0
3760	3
3761	0
3762	1
3763	0
3764	0
3765	0
3766	3
3767	0
3768	1
3769	2
3770	1
3771	0
3772	0
3773	4
3774	0
3775	0
3776	0
3777	2
3778	0
3779	0
3780	0
3781	0
3782	0
3783	0
3784	0
3785	2
3786	0
3787	1
3788	3
3789	0
3790	0
3791	0
3792	0
3793	0
3794	0
3795	2
3796	1
3797	0
3798	2
3799	0
3800	1
3801	0
3802	0
3803	1
3804	0
3805	1
3806	0
3807	0
3808	0
3809	0
3810	0
3811	0
3812	0
3813	0
3814	0
3815	0
3816	0
3817	0
3818	0
3819	1
3820	1
3821	0
3822	0
3823	0
3824	1
3825	0
3826	1
3827	0
3828	1
3829	1
3830	0
3831	0
3832	1
3833	0
3834	0
3835	0
3836	0
3837	0
3838	0
3839	0
3840	1
3841	0
3842	0
3843	0
3844	0
3845	0
3846	1
3847	0
3848	0
3849	1
3850	0
3851	0
3852	0
3853	2
3854	0
3855	1
3856	0
3857	0
3858	1
3859	1
3860	0
3861	1
3862	0
3863	0
3864	0
3865	0
3866	1
3867	0
3868	0
3869	0
3870	0
3871	0
3872	1
3873	1
3874	0
3875	0
3876	0
3877	0
3878	0
3879	0
3880	0
3881	0
3882	0
3883	0
3884	0
3885	0
3886	0
3887	0
3888	0
3889	0
3890	2
3891	0
3892	0
3893	0
3894	1
3895	0
3896	0
3897	0
3898	0
3899	0
3900	0
3901	0
3902	0
3903	0
3904	1
3905	2
3906	0
3907	0
3908	1
3909	0
3910	0
3911	0
3912	0
3913	0
3914	0
3915	0
3916	0
3917	2
3918	1
3919	0
3920	0
3921	0
3922	1
3923	1
3924	0
3925	0
3926	1
3927	0
3928	1
3929	0
3930	0
3931	1
3932	0
3933	2
3934	0
3935	0
3936	0
3937	0
3938	0
3939	0
3940	0
3941	0
3942	0
3943	1
3944	0
3945	0
3946	1
3947	0
3948	1
3949	0
3950	1
3951	0
3952	0
3953	0
3954	0
3955	0
3956	0
3957	0
3958	1
3959	0
3960	1
3961	0
3962	0
3963	0
3964	0
3965	0
3966	1
3967	0
3968	1
3969	1
3970	0
3971	1
3972	0
3973	2
3974	0
3975	0
3976	0
3977	0
3978	0
3979	2
3980	0
3981	0
3982	0
3983	1
3984	0
3985	0
3986	0
3987	0
3988	1
3989	0
3990	0
3991	2
3992	0
3993	0
3994	0
3995	0
3996	1
3997	0
3998	0
3999	1
4000	0
4001	2
4002	0
4003	0
4004	0
4005	1
4006	0
4007	0
4008	0
4009	0
4010	0
4011	1
4012	1
4013	0
4014	0
4015	1
4016	0
4017	0
4018	0
4019	1
4020	0
4021	1
4022	0
4023	0
4024	0
4025	0
4026	0
4027	0
4028	1
4029	0
4030	1
4031	0
4032	0
4033	0
4034	0
4035	0
4036	1
4037	0
4038	0
4039	0
4040	0
4041	3
4042	0
4043	0
4044	0
4045	1
4046	1
4047	0
4048	0
4049	0
4050	0
4051	0
4052	0
4053	0
4054	0
4055	0
4056	0
4057	1
4058	0
4059	0
4060	0
4061	0
4062	1
4063	0
4064	0
4065	0
4066	2
4067	0
4068	1
4069	0
4070	0
4071	0
4072	0
4073	2
4074	0
4075	0
4076	0
4077	0
4078	0
4079	0
4080	0
4081	0
4082	0
4083	0
4084	0
4085	2
4086	1
4087	0
4088	0
4089	0
4090	1
4091	0
4092	0
4093	0
4094	0
4095	0
