Channel	Net_Counts
0	0
1	0
2	0
3	0
4	0
5	0
6	0
7	0
8	0
9	0
10	0
11	0
12	0
13	0
14	0
15	0
16	0
17	0
18	0
19	0
20	0
21	0
22	0
23	0
24	0
25	0
26	0
27	0
28	0
29	0
30	0
31	0
32	0
33	0
34	0
35	0
36	0
37	0
38	0
39	0
40	0
41	0
42	0
43	0
44	0
45	0
46	0
47	0
48	0
49	0
50	0
51	0
52	0
53	0
54	0
55	1
56	0
57	0
58	0
59	0
60	0
61	0
62	0
63	0
64	0
65	0
66	0
67	0
68	4
69	0
70	0
71	0
72	1
73	1
74	0
75	0
76	2
77	0
78	0
79	2
80	2
81	0
82	0
83	0
84	2
85	0
86	0
87	0
88	0
89	0
90	1
91	0
92	0
93	0
94	0
95	0
96	0
97	0
98	0
99	0
100	0
101	0
102	0
103	0
104	0
105	1
106	0
107	1
108	0
109	0
110	0
111	0
112	0
113	0
114	1
115	0
116	0
117	0
118	0
119	1
120	1
121	1
122	0
123	0
124	0
125	1
126	0
127	0
128	0
129	0
130	0
131	1
132	0
133	2
134	0
135	1
136	3
137	27
138	222
139	194
140	12
141	0
142	7
143	0
144	9
145	2
146	9
147	6
148	30
149	69
150	22
151	0
152	44
153	31
154	0
155	29
156	17
157	0
158	0
159	0
160	0
161	0
162	6
163	0
164	0
165	0
166	29
167	8
168	0
169	2
170	26
171	20
172	48
173	0
174	22
175	28
176	0
177	52
178	105
179	0
180	42
181	45
182	29
183	0
184	0
185	10
186	5
187	49
188	0
189	45
190	11
191	0
192	17
193	0
194	0
195	0
196	34
197	48
198	8
199	6
200	66
201	0
202	47
203	0
204	32
205	16
206	4
207	36
208	67
209	0
210	0
211	0
212	9
213	0
214	0
215	34
216	46
217	15
218	63
219	25
220	54
221	0
222	0
223	0
224	10
225	0
226	1
227	19
228	0
229	25
230	0
231	24
232	33
233	39
234	1
235	34
236	21
237	0
238	27
239	0
240	0
241	0
242	27
243	9
244	74
245	24
246	0
247	0
248	46
249	52
250	0
251	47
252	20
253	22
254	27
255	0
256	0
257	0
258	29
259	26
260	83
261	0
262	0
263	6
264	4
265	0
266	10
267	0
268	0
269	17
270	0
271	19
272	0
273	38
274	0
275	0
276	1
277	0
278	0
279	6
280	44
281	53
282	16
283	0
284	68
285	0
286	30
287	0
288	0
289	44
290	18
291	26
292	36
293	0
294	20
295	0
296	0
297	15
298	23
299	0
300	121
301	10
302	40
303	61
304	42
305	0
306	60
307	0
308	45
309	7
310	67
311	11
312	22
313	0
314	2
315	15
316	46
317	24
318	0
319	27
320	18
321	0
322	11
323	0
324	47
325	7
326	0
327	0
328	0
329	52
330	43
331	8
332	64
333	40
334	53
335	31
336	33
337	56
338	0
339	23
340	21
341	15
342	9
343	0
344	47
345	0
346	16
347	6
348	0
349	0
350	0
351	13
352	80
353	0
354	1
355	58
356	7
357	0
358	48
359	19
360	0
361	29
362	20
363	41
364	8
365	0
366	8
367	0
368	58
369	7
370	34
371	0
372	73
373	0
374	62
375	27
376	0
377	28
378	0
379	35
380	41
381	12
382	0
383	0
384	7
385	20
386	20
387	62
388	41
389	37
390	51
391	35
392	11
393	38
394	36
395	0
396	41
397	26
398	43
399	0
400	22
401	56
402	19
403	29
404	9
405	53
406	0
407	52
408	7
409	7
410	60
411	40
412	27
413	19
414	33
415	35
416	62
417	8
418	23
419	28
420	43
421	0
422	20
423	0
424	36
425	0
426	14
427	28
428	27
429	16
430	0
431	38
432	47
433	22
434	26
435	73
436	16
437	31
438	0
439	11
440	12
441	26
442	7
443	52
444	21
445	4
446	50
447	38
448	42
449	9
450	7
451	0
452	68
453	24
454	40
455	60
456	18
457	35
458	6
459	39
460	41
461	16
462	33
463	24
464	0
465	58
466	16
467	43
468	21
469	40
470	50
471	0
472	0
473	41
474	10
475	0
476	40
477	19
478	14
479	2
480	0
481	24
482	23
483	26
484	40
485	24
486	32
487	0
488	2
489	35
490	25
491	25
492	16
493	0
494	21
495	0
496	0
497	0
498	0
499	0
500	0
501	0
502	36
503	25
504	0
505	9
506	0
507	4
508	0
509	0
510	2
511	14
512	0
513	4
514	3
515	34
516	13
517	24
518	0
519	5
520	0
521	0
522	8
523	3
524	0
525	4
526	1
527	0
528	0
529	0
530	24
531	2
532	16
533	0
534	0
535	17
536	0
537	7
538	6
539	14
540	0
541	0
542	0
543	2
544	0
545	0
546	24
547	0
548	31
549	28
550	0
551	6
552	0
553	0
554	3
555	33
556	5
557	0
558	0
559	0
560	0
561	0
562	38
563	2
564	0
565	16
566	0
567	8
568	2
569	30
570	29
571	0
572	4
573	3
574	0
575	0
576	4
577	4
578	23
579	28
580	17
581	22
582	4
583	0
584	0
585	0
586	27
587	0
588	1
589	0
590	0
591	10
592	9
593	5
594	11
595	6
596	2
597	18
598	15
599	6
600	10
601	0
602	16
603	9
604	6
605	20
606	0
607	10
608	17
609	0
610	0
611	2
612	3
613	20
614	0
615	0
616	3
617	0
618	22
619	8
620	13
621	24
622	21
623	10
624	0
625	27
626	25
627	0
628	15
629	0
630	13
631	9
632	0
633	17
634	0
635	0
636	0
637	22
638	0
639	19
640	0
641	35
642	6
643	20
644	43
645	5
646	5
647	1
648	29
649	1
650	26
651	3
652	0
653	2
654	26
655	17
656	24
657	12
658	18
659	8
660	29
661	12
662	58
663	55
664	45
665	69
666	37
667	29
668	59
669	40
670	69
671	73
672	65
673	73
674	76
675	50
676	69
677	89
678	90
679	81
680	112
681	100
682	123
683	130
684	123
685	147
686	105
687	121
688	161
689	187
690	188
691	168
692	217
693	198
694	192
695	188
696	191
697	189
698	197
699	207
700	241
701	248
702	255
703	243
704	214
705	239
706	250
707	284
708	271
709	264
710	293
711	264
712	290
713	313
714	252
715	258
716	292
717	293
718	304
719	257
720	258
721	286
722	293
723	268
724	265
725	263
726	266
727	266
728	263
729	250
730	273
731	250
732	265
733	208
734	220
735	224
736	231
737	177
738	194
739	203
740	196
741	192
742	164
743	138
744	150
745	154
746	142
747	137
748	141
749	128
750	126
751	77
752	115
753	88
754	87
755	84
756	62
757	70
758	81
759	90
760	47
761	57
762	63
763	36
764	28
765	59
766	48
767	53
768	14
769	63
770	34
771	1
772	51
773	8
774	19
775	0
776	0
777	10
778	14
779	21
780	0
781	17
782	13
783	13
784	1
785	6
786	9
787	25
788	0
789	43
790	31
791	1
792	0
793	37
794	6
795	12
796	5
797	13
798	4
799	35
800	5
801	0
802	8
803	0
804	14
805	22
806	23
807	0
808	0
809	0
810	0
811	21
812	18
813	0
814	0
815	6
816	13
817	17
818	2
819	29
820	13
821	0
822	0
823	0
824	18
825	0
826	42
827	3
828	2
829	0
830	0
831	0
832	0
833	0
834	0
835	23
836	23
837	0
838	0
839	0
840	0
841	14
842	41
843	0
844	0
845	0
846	33
847	20
848	17
849	35
850	8
851	34
852	6
853	4
854	19
855	0
856	0
857	0
858	0
859	0
860	5
861	0
862	0
863	0
864	0
865	3
866	34
867	4
868	10
869	0
870	1
871	17
872	0
873	0
874	9
875	22
876	0
877	0
878	7
879	0
880	18
881	0
882	7
883	24
884	9
885	0
886	0
887	0
888	13
889	14
890	2
891	0
892	5
893	0
894	17
895	0
896	0
897	0
898	3
899	11
900	20
901	0
902	0
903	0
904	3
905	1
906	0
907	0
908	0
909	8
910	1
911	2
912	0
913	0
914	5
915	5
916	0
917	11
918	10
919	27
920	0
921	0
922	0
923	4
924	10
925	29
926	0
927	25
928	0
929	23
930	0
931	10
932	5
933	5
934	17
935	0
936	9
937	6
938	27
939	14
940	0
941	0
942	0
943	0
944	22
945	5
946	0
947	18
948	0
949	16
950	15
951	0
952	0
953	0
954	1
955	0
956	13
957	7
958	1
959	20
960	0
961	0
962	21
963	10
964	0
965	7
966	6
967	12
968	7
969	8
970	0
971	7
972	0
973	0
974	0
975	17
976	22
977	5
978	0
979	8
980	2
981	28
982	10
983	25
984	0
985	1
986	0
987	0
988	10
989	9
990	12
991	8
992	8
993	4
994	0
995	21
996	5
997	0
998	14
999	1
1000	5
1001	8
1002	2
1003	3
1004	8
1005	0
1006	20
1007	3
1008	0
1009	30
1010	10
1011	4
1012	11
1013	0
1014	19
1015	7
1016	2
1017	19
1018	11
1019	0
1020	7
1021	2
1022	0
1023	11
1024	2
1025	1
1026	0
1027	1
1028	3
1029	14
1030	0
1031	10
1032	21
1033	4
1034	4
1035	6
1036	0
1037	19
1038	3
1039	0
1040	15
1041	0
1042	12
1043	0
1044	0
1045	0
1046	9
1047	15
1048	12
1049	2
1050	0
1051	0
1052	0
1053	0
1054	17
1055	5
1056	0
1057	17
1058	13
1059	0
1060	5
1061	6
1062	1
1063	1
1064	12
1065	0
1066	1
1067	0
1068	6
1069	3
1070	3
1071	5
1072	12
1073	29
1074	3
1075	0
1076	5
1077	3
1078	0
1079	11
1080	0
1081	0
1082	19
1083	10
1084	15
1085	6
1086	13
1087	0
1088	10
1089	14
1090	8
1091	8
1092	15
1093	0
1094	0
1095	2
1096	0
1097	26
1098	2
1099	13
1100	0
1101	6
1102	6
1103	20
1104	20
1105	0
1106	16
1107	0
1108	12
1109	0
1110	3
1111	11
1112	12
1113	6
1114	0
1115	3
1116	16
1117	11
1118	0
1119	0
1120	0
1121	0
1122	15
1123	9
1124	11
1125	8
1126	19
1127	4
1128	0
1129	7
1130	17
1131	0
1132	1
1133	17
1134	0
1135	0
1136	0
1137	0
1138	0
1139	27
1140	9
1141	15
1142	1
1143	3
1144	0
1145	14
1146	9
1147	4
1148	0
1149	0
1150	10
1151	0
1152	11
1153	0
1154	1
1155	0
1156	0
1157	0
1158	0
1159	16
1160	1
1161	7
1162	5
1163	5
1164	7
1165	0
1166	0
1167	4
1168	0
1169	0
1170	0
1171	0
1172	0
1173	7
1174	21
1175	0
1176	14
1177	15
1178	1
1179	0
1180	3
1181	15
1182	0
1183	11
1184	4
1185	0
1186	9
1187	0
1188	0
1189	0
1190	5
1191	14
1192	0
1193	10
1194	0
1195	10
1196	0
1197	20
1198	12
1199	0
1200	7
1201	14
1202	0
1203	11
1204	24
1205	0
1206	3
1207	0
1208	0
1209	3
1210	0
1211	0
1212	1
1213	7
1214	0
1215	18
1216	10
1217	12
1218	1
1219	11
1220	26
1221	0
1222	18
1223	14
1224	18
1225	0
1226	13
1227	0
1228	8
1229	0
1230	16
1231	0
1232	14
1233	8
1234	0
1235	0
1236	10
1237	3
1238	12
1239	0
1240	0
1241	15
1242	9
1243	0
1244	12
1245	11
1246	24
1247	15
1248	15
1249	16
1250	5
1251	5
1252	0
1253	13
1254	5
1255	9
1256	9
1257	16
1258	19
1259	0
1260	6
1261	12
1262	4
1263	23
1264	0
1265	3
1266	0
1267	6
1268	19
1269	20
1270	2
1271	0
1272	0
1273	0
1274	0
1275	16
1276	0
1277	0
1278	10
1279	11
1280	14
1281	0
1282	17
1283	3
1284	0
1285	0
1286	8
1287	9
1288	0
1289	12
1290	16
1291	0
1292	0
1293	22
1294	2
1295	12
1296	0
1297	12
1298	0
1299	20
1300	8
1301	16
1302	10
1303	0
1304	16
1305	0
1306	19
1307	0
1308	0
1309	29
1310	12
1311	13
1312	10
1313	24
1314	15
1315	17
1316	0
1317	3
1318	2
1319	0
1320	2
1321	0
1322	8
1323	0
1324	16
1325	13
1326	9
1327	3
1328	30
1329	0
1330	2
1331	0
1332	24
1333	5
1334	8
1335	4
1336	1
1337	0
1338	0
1339	3
1340	0
1341	0
1342	3
1343	6
1344	13
1345	1
1346	0
1347	9
1348	0
1349	14
1350	6
1351	6
1352	4
1353	0
1354	2
1355	0
1356	8
1357	5
1358	4
1359	10
1360	0
1361	12
1362	17
1363	0
1364	21
1365	0
1366	0
1367	0
1368	0
1369	1
1370	0
1371	13
1372	3
1373	9
1374	0
1375	13
1376	0
1377	5
1378	14
1379	16
1380	4
1381	0
1382	2
1383	1
1384	7
1385	3
1386	0
1387	0
1388	10
1389	19
1390	6
1391	5
1392	13
1393	9
1394	2
1395	8
1396	2
1397	14
1398	11
1399	0
1400	3
1401	0
1402	5
1403	14
1404	20
1405	24
1406	0
1407	6
1408	10
1409	6
1410	0
1411	0
1412	0
1413	0
1414	0
1415	0
1416	6
1417	18
1418	0
1419	14
1420	6
1421	0
1422	0
1423	5
1424	12
1425	6
1426	0
1427	4
1428	6
1429	9
1430	2
1431	4
1432	0
1433	3
1434	10
1435	9
1436	9
1437	8
1438	11
1439	9
1440	0
1441	12
1442	4
1443	3
1444	5
1445	13
1446	12
1447	12
1448	0
1449	2
1450	0
1451	0
1452	14
1453	0
1454	0
1455	0
1456	2
1457	8
1458	8
1459	0
1460	0
1461	0
1462	0
1463	0
1464	0
1465	2
1466	0
1467	11
1468	0
1469	8
1470	0
1471	4
1472	5
1473	8
1474	2
1475	3
1476	0
1477	6
1478	3
1479	7
1480	6
1481	0
1482	11
1483	3
1484	0
1485	19
1486	1
1487	0
1488	10
1489	12
1490	8
1491	8
1492	0
1493	14
1494	1
1495	4
1496	0
1497	10
1498	13
1499	2
1500	3
1501	0
1502	5
1503	0
1504	1
1505	8
1506	0
1507	5
1508	9
1509	0
1510	9
1511	4
1512	0
1513	9
1514	6
1515	0
1516	1
1517	16
1518	10
1519	0
1520	6
1521	8
1522	5
1523	15
1524	6
1525	1
1526	5
1527	6
1528	2
1529	12
1530	1
1531	7
1532	10
1533	4
1534	0
1535	13
1536	0
1537	19
1538	3
1539	0
1540	6
1541	0
1542	12
1543	4
1544	10
1545	9
1546	8
1547	0
1548	0
1549	9
1550	0
1551	12
1552	3
1553	9
1554	9
1555	3
1556	13
1557	5
1558	0
1559	0
1560	12
1561	10
1562	0
1563	0
1564	0
1565	3
1566	6
1567	6
1568	19
1569	23
1570	2
1571	6
1572	1
1573	0
1574	3
1575	8
1576	0
1577	5
1578	0
1579	0
1580	0
1581	0
1582	3
1583	4
1584	1
1585	0
1586	17
1587	6
1588	0
1589	0
1590	1
1591	0
1592	10
1593	6
1594	0
1595	3
1596	2
1597	11
1598	2
1599	0
1600	1
1601	14
1602	0
1603	7
1604	6
1605	0
1606	0
1607	0
1608	1
1609	0
1610	0
1611	0
1612	13
1613	0
1614	0
1615	0
1616	0
1617	12
1618	0
1619	0
1620	0
1621	0
1622	7
1623	3
1624	0
1625	0
1626	19
1627	9
1628	0
1629	4
1630	1
1631	7
1632	0
1633	0
1634	2
1635	2
1636	3
1637	0
1638	0
1639	9
1640	0
1641	0
1642	0
1643	0
1644	0
1645	10
1646	0
1647	0
1648	0
1649	0
1650	0
1651	10
1652	0
1653	0
1654	7
1655	0
1656	0
1657	1
1658	3
1659	9
1660	3
1661	0
1662	2
1663	0
1664	11
1665	0
1666	0
1667	5
1668	0
1669	0
1670	7
1671	16
1672	4
1673	1
1674	4
1675	0
1676	5
1677	8
1678	0
1679	7
1680	0
1681	0
1682	5
1683	19
1684	0
1685	0
1686	4
1687	10
1688	0
1689	10
1690	0
1691	0
1692	6
1693	2
1694	4
1695	1
1696	10
1697	12
1698	9
1699	13
1700	6
1701	7
1702	6
1703	20
1704	9
1705	4
1706	10
1707	7
1708	15
1709	6
1710	5
1711	6
1712	8
1713	9
1714	2
1715	10
1716	14
1717	0
1718	20
1719	13
1720	9
1721	11
1722	20
1723	9
1724	11
1725	13
1726	20
1727	12
1728	6
1729	19
1730	21
1731	24
1732	11
1733	29
1734	25
1735	21
1736	21
1737	16
1738	26
1739	29
1740	25
1741	17
1742	25
1743	18
1744	44
1745	23
1746	33
1747	34
1748	28
1749	36
1750	23
1751	26
1752	33
1753	35
1754	30
1755	34
1756	36
1757	38
1758	36
1759	49
1760	41
1761	59
1762	47
1763	38
1764	24
1765	45
1766	49
1767	34
1768	39
1769	43
1770	27
1771	40
1772	34
1773	47
1774	45
1775	37
1776	50
1777	42
1778	39
1779	33
1780	38
1781	39
1782	44
1783	34
1784	45
1785	47
1786	46
1787	34
1788	46
1789	36
1790	31
1791	41
1792	38
1793	55
1794	49
1795	34
1796	44
1797	35
1798	43
1799	29
1800	31
1801	29
1802	42
1803	41
1804	39
1805	36
1806	41
1807	30
1808	43
1809	39
1810	45
1811	50
1812	37
1813	34
1814	32
1815	51
1816	38
1817	35
1818	42
1819	37
1820	24
1821	41
1822	31
1823	20
1824	29
1825	31
1826	30
1827	28
1828	17
1829	24
1830	17
1831	22
1832	30
1833	30
1834	21
1835	22
1836	24
1837	14
1838	16
1839	21
1840	16
1841	14
1842	25
1843	17
1844	11
1845	11
1846	18
1847	15
1848	15
1849	2
1850	16
1851	13
1852	19
1853	24
1854	13
1855	4
1856	3
1857	13
1858	3
1859	13
1860	18
1861	6
1862	5
1863	21
1864	15
1865	11
1866	16
1867	0
1868	4
1869	6
1870	10
1871	13
1872	13
1873	3
1874	10
1875	0
1876	16
1877	2
1878	0
1879	5
1880	0
1881	5
1882	0
1883	5
1884	10
1885	10
1886	3
1887	9
1888	5
1889	0
1890	12
1891	8
1892	0
1893	0
1894	1
1895	2
1896	2
1897	15
1898	11
1899	5
1900	3
1901	0
1902	13
1903	0
1904	2
1905	0
1906	19
1907	1
1908	0
1909	5
1910	0
1911	15
1912	11
1913	13
1914	4
1915	6
1916	0
1917	13
1918	3
1919	12
1920	12
1921	0
1922	0
1923	3
1924	10
1925	0
1926	0
1927	3
1928	5
1929	0
1930	11
1931	1
1932	14
1933	7
1934	11
1935	1
1936	10
1937	2
1938	5
1939	7
1940	7
1941	3
1942	0
1943	3
1944	0
1945	0
1946	8
1947	7
1948	1
1949	26
1950	18
1951	0
1952	1
1953	3
1954	4
1955	9
1956	10
1957	12
1958	24
1959	19
1960	11
1961	2
1962	9
1963	10
1964	0
1965	0
1966	0
1967	6
1968	11
1969	2
1970	5
1971	7
1972	17
1973	15
1974	4
1975	16
1976	14
1977	0
1978	17
1979	6
1980	10
1981	6
1982	23
1983	13
1984	7
1985	14
1986	17
1987	0
1988	20
1989	0
1990	9
1991	0
1992	19
1993	2
1994	18
1995	22
1996	17
1997	19
1998	27
1999	6
2000	2
2001	0
2002	11
2003	35
2004	0
2005	11
2006	2
2007	31
2008	18
2009	7
2010	8
2011	0
2012	0
2013	0
2014	2
2015	14
2016	13
2017	0
2018	16
2019	9
2020	11
2021	0
2022	7
2023	0
2024	12
2025	3
2026	12
2027	0
2028	0
2029	45
2030	0
2031	1
2032	20
2033	0
2034	15
2035	1
2036	0
2037	13
2038	0
2039	0
2040	2
2041	5
2042	3
2043	6
2044	0
2045	0
2046	3
2047	0
2048	19
2049	0
2050	0
2051	0
2052	8
2053	15
2054	6
2055	8
2056	0
2057	19
2058	0
2059	4
2060	0
2061	0
2062	0
2063	0
2064	0
2065	3
2066	1
2067	12
2068	0
2069	15
2070	0
2071	0
2072	5
2073	0
2074	11
2075	0
2076	0
2077	0
2078	2
2079	5
2080	10
2081	4
2082	12
2083	0
2084	0
2085	7
2086	0
2087	0
2088	0
2089	0
2090	0
2091	1
2092	0
2093	3
2094	0
2095	0
2096	0
2097	0
2098	0
2099	0
2100	0
2101	0
2102	0
2103	0
2104	0
2105	0
2106	9
2107	0
2108	0
2109	0
2110	0
2111	0
2112	0
2113	0
2114	0
2115	0
2116	0
2117	0
2118	0
2119	5
2120	0
2121	4
2122	0
2123	0
2124	0
2125	0
2126	0
2127	0
2128	0
2129	0
2130	0
2131	0
2132	0
2133	0
2134	0
2135	0
2136	0
2137	0
2138	1
2139	8
2140	0
2141	1
2142	0
2143	0
2144	3
2145	0
2146	0
2147	3
2148	0
2149	5
2150	0
2151	10
2152	0
2153	0
2154	1
2155	0
2156	2
2157	1
2158	0
2159	0
2160	0
2161	0
2162	0
2163	0
2164	0
2165	0
2166	0
2167	4
2168	1
2169	0
2170	0
2171	0
2172	0
2173	4
2174	0
2175	3
2176	4
2177	2
2178	0
2179	0
2180	3
2181	0
2182	0
2183	1
2184	1
2185	1
2186	0
2187	0
2188	0
2189	0
2190	2
2191	0
2192	4
2193	1
2194	11
2195	0
2196	3
2197	0
2198	9
2199	0
2200	5
2201	0
2202	0
2203	9
2204	2
2205	0
2206	4
2207	0
2208	0
2209	0
2210	8
2211	0
2212	2
2213	0
2214	2
2215	0
2216	0
2217	2
2218	3
2219	0
2220	0
2221	1
2222	0
2223	6
2224	3
2225	4
2226	4
2227	0
2228	2
2229	0
2230	1
2231	0
2232	6
2233	2
2234	7
2235	0
2236	0
2237	0
2238	4
2239	0
2240	2
2241	0
2242	0
2243	3
2244	7
2245	1
2246	0
2247	3
2248	3
2249	7
2250	2
2251	0
2252	1
2253	0
2254	0
2255	0
2256	5
2257	3
2258	3
2259	6
2260	3
2261	2
2262	0
2263	0
2264	0
2265	0
2266	0
2267	2
2268	0
2269	0
2270	0
2271	0
2272	5
2273	5
2274	6
2275	5
2276	4
2277	6
2278	0
2279	1
2280	0
2281	0
2282	4
2283	1
2284	1
2285	4
2286	7
2287	3
2288	0
2289	0
2290	0
2291	0
2292	0
2293	0
2294	4
2295	2
2296	2
2297	4
2298	4
2299	0
2300	3
2301	6
2302	0
2303	0
2304	3
2305	1
2306	0
2307	0
2308	1
2309	1
2310	4
2311	4
2312	0
2313	0
2314	0
2315	3
2316	9
2317	0
2318	1
2319	1
2320	0
2321	6
2322	0
2323	0
2324	0
2325	0
2326	0
2327	0
2328	1
2329	10
2330	0
2331	0
2332	1
2333	2
2334	3
2335	0
2336	0
2337	1
2338	0
2339	0
2340	6
2341	0
2342	1
2343	0
2344	2
2345	3
2346	4
2347	0
2348	3
2349	2
2350	0
2351	4
2352	1
2353	0
2354	0
2355	3
2356	0
2357	0
2358	0
2359	2
2360	0
2361	4
2362	0
2363	4
2364	0
2365	0
2366	3
2367	1
2368	0
2369	0
2370	2
2371	0
2372	6
2373	5
2374	0
2375	0
2376	0
2377	0
2378	0
2379	4
2380	1
2381	0
2382	6
2383	0
2384	0
2385	0
2386	0
2387	3
2388	0
2389	0
2390	0
2391	1
2392	0
2393	8
2394	0
2395	1
2396	3
2397	0
2398	0
2399	2
2400	0
2401	2
2402	1
2403	3
2404	0
2405	0
2406	0
2407	1
2408	0
2409	0
2410	0
2411	5
2412	0
2413	9
2414	0
2415	5
2416	3
2417	0
2418	0
2419	7
2420	7
2421	0
2422	8
2423	1
2424	1
2425	0
2426	2
2427	0
2428	7
2429	0
2430	10
2431	0
2432	0
2433	6
2434	5
2435	0
2436	5
2437	0
2438	8
2439	6
2440	0
2441	8
2442	0
2443	2
2444	0
2445	10
2446	11
2447	0
2448	3
2449	1
2450	1
2451	0
2452	5
2453	6
2454	7
2455	0
2456	4
2457	0
2458	0
2459	7
2460	0
2461	7
2462	2
2463	0
2464	0
2465	1
2466	1
2467	4
2468	3
2469	4
2470	0
2471	5
2472	6
2473	0
2474	0
2475	0
2476	5
2477	3
2478	0
2479	0
2480	9
2481	6
2482	5
2483	2
2484	6
2485	10
2486	5
2487	12
2488	2
2489	3
2490	5
2491	12
2492	6
2493	8
2494	3
2495	1
2496	11
2497	2
2498	7
2499	11
2500	3
2501	2
2502	3
2503	3
2504	10
2505	5
2506	0
2507	2
2508	11
2509	2
2510	5
2511	7
2512	8
2513	0
2514	0
2515	0
2516	10
2517	8
2518	0
2519	0
2520	0
2521	0
2522	0
2523	7
2524	9
2525	5
2526	12
2527	1
2528	2
2529	0
2530	2
2531	11
2532	2
2533	9
2534	6
2535	6
2536	4
2537	3
2538	2
2539	2
2540	5
2541	8
2542	3
2543	0
2544	5
2545	7
2546	5
2547	1
2548	8
2549	0
2550	2
2551	2
2552	3
2553	7
2554	7
2555	6
2556	1
2557	0
2558	6
2559	1
2560	0
2561	0
2562	4
2563	5
2564	4
2565	4
2566	4
2567	0
2568	4
2569	3
2570	0
2571	4
2572	3
2573	1
2574	5
2575	2
2576	4
2577	1
2578	7
2579	5
2580	0
2581	0
2582	0
2583	1
2584	5
2585	2
2586	10
2587	3
2588	0
2589	7
2590	1
2591	0
2592	2
2593	1
2594	6
2595	4
2596	1
2597	0
2598	1
2599	0
2600	2
2601	0
2602	3
2603	3
2604	4
2605	1
2606	5
2607	0
2608	0
2609	6
2610	0
2611	1
2612	1
2613	5
2614	0
2615	3
2616	0
2617	0
2618	8
2619	0
2620	0
2621	4
2622	0
2623	0
2624	0
2625	0
2626	1
2627	0
2628	0
2629	0
2630	0
2631	3
2632	0
2633	0
2634	1
2635	0
2636	2
2637	0
2638	0
2639	1
2640	2
2641	0
2642	2
2643	0
2644	0
2645	0
2646	0
2647	2
2648	0
2649	0
2650	0
2651	11
2652	0
2653	5
2654	1
2655	0
2656	0
2657	0
2658	0
2659	0
2660	2
2661	0
2662	0
2663	3
2664	0
2665	0
2666	0
2667	1
2668	0
2669	0
2670	3
2671	0
2672	3
2673	0
2674	3
2675	0
2676	3
2677	0
2678	0
2679	0
2680	0
2681	2
2682	2
2683	0
2684	0
2685	0
2686	0
2687	1
2688	4
2689	0
2690	5
2691	1
2692	1
2693	0
2694	0
2695	0
2696	1
2697	0
2698	0
2699	0
2700	0
2701	1
2702	0
2703	0
2704	1
2705	0
2706	0
2707	0
2708	2
2709	0
2710	6
2711	0
2712	2
2713	0
2714	0
2715	3
2716	0
2717	1
2718	2
2719	2
2720	0
2721	0
2722	2
2723	0
2724	0
2725	0
2726	4
2727	0
2728	0
2729	1
2730	4
2731	0
2732	0
2733	0
2734	4
2735	2
2736	0
2737	0
2738	0
2739	0
2740	0
2741	0
2742	0
2743	0
2744	0
2745	6
2746	0
2747	3
2748	0
2749	2
2750	0
2751	2
2752	2
2753	0
2754	2
2755	0
2756	0
2757	2
2758	0
2759	0
2760	0
2761	3
2762	0
2763	3
2764	6
2765	0
2766	0
2767	0
2768	2
2769	0
2770	1
2771	0
2772	0
2773	1
2774	3
2775	1
2776	4
2777	3
2778	0
2779	1
2780	2
2781	0
2782	2
2783	0
2784	0
2785	4
2786	0
2787	1
2788	2
2789	2
2790	1
2791	2
2792	1
2793	2
2794	0
2795	4
2796	0
2797	0
2798	0
2799	2
2800	0
2801	0
2802	0
2803	1
2804	1
2805	0
2806	5
2807	1
2808	0
2809	3
2810	0
2811	0
2812	2
2813	0
2814	3
2815	0
2816	3
2817	0
2818	0
2819	1
2820	0
2821	0
2822	0
2823	0
2824	1
2825	2
2826	0
2827	1
2828	0
2829	3
2830	1
2831	3
2832	0
2833	3
2834	1
2835	0
2836	0
2837	0
2838	0
2839	2
2840	4
2841	0
2842	0
2843	0
2844	0
2845	5
2846	3
2847	1
2848	0
2849	0
2850	0
2851	0
2852	0
2853	0
2854	0
2855	5
2856	4
2857	0
2858	3
2859	4
2860	6
2861	0
2862	5
2863	3
2864	1
2865	1
2866	2
2867	0
2868	0
2869	0
2870	2
2871	0
2872	0
2873	2
2874	0
2875	2
2876	4
2877	0
2878	1
2879	0
2880	0
2881	7
2882	5
2883	2
2884	2
2885	3
2886	3
2887	1
2888	1
2889	0
2890	1
2891	2
2892	8
2893	0
2894	1
2895	0
2896	0
2897	5
2898	1
2899	0
2900	4
2901	5
2902	1
2903	4
2904	0
2905	1
2906	2
2907	3
2908	2
2909	4
2910	0
2911	0
2912	6
2913	0
2914	0
2915	2
2916	2
2917	9
2918	5
2919	0
2920	0
2921	0
2922	0
2923	3
2924	2
2925	2
2926	0
2927	7
2928	5
2929	4
2930	0
2931	0
2932	0
2933	0
2934	0
2935	2
2936	0
2937	3
2938	0
2939	0
2940	3
2941	5
2942	6
2943	2
2944	4
2945	0
2946	0
2947	0
2948	0
2949	2
2950	2
2951	3
2952	0
2953	6
2954	1
2955	0
2956	0
2957	0
2958	0
2959	3
2960	1
2961	0
2962	2
2963	0
2964	2
2965	0
2966	0
2967	0
2968	5
2969	2
2970	2
2971	0
2972	0
2973	0
2974	0
2975	4
2976	5
2977	0
2978	0
2979	0
2980	0
2981	3
2982	6
2983	1
2984	3
2985	0
2986	0
2987	0
2988	0
2989	5
2990	0
2991	0
2992	3
2993	0
2994	3
2995	0
2996	2
2997	0
2998	2
2999	0
3000	0
3001	3
3002	0
3003	0
3004	0
3005	0
3006	7
3007	0
3008	0
3009	0
3010	0
3011	4
3012	3
3013	0
3014	8
3015	0
3016	0
3017	0
3018	4
3019	3
3020	1
3021	0
3022	3
3023	5
3024	0
3025	0
3026	1
3027	6
3028	0
3029	1
3030	0
3031	4
3032	0
3033	0
3034	0
3035	0
3036	0
3037	1
3038	0
3039	0
3040	4
3041	0
3042	0
3043	3
3044	3
3045	8
3046	0
3047	1
3048	0
3049	0
3050	5
3051	1
3052	0
3053	0
3054	4
3055	0
3056	2
3057	0
3058	2
3059	0
3060	4
3061	2
3062	0
3063	5
3064	0
3065	0
3066	7
3067	3
3068	0
3069	0
3070	3
3071	0
3072	2
3073	3
3074	0
3075	1
3076	0
3077	4
3078	0
3079	0
3080	5
3081	1
3082	1
3083	0
3084	0
3085	0
3086	0
3087	0
3088	0
3089	8
3090	0
3091	0
3092	0
3093	1
3094	4
3095	2
3096	3
3097	4
3098	0
3099	0
3100	7
3101	0
3102	0
3103	0
3104	1
3105	6
3106	0
3107	0
3108	0
3109	0
3110	0
3111	0
3112	0
3113	1
3114	0
3115	2
3116	1
3117	2
3118	0
3119	0
3120	1
3121	0
3122	0
3123	0
3124	0
3125	0
3126	3
3127	8
3128	1
3129	4
3130	0
3131	0
3132	1
3133	0
3134	0
3135	0
3136	2
3137	1
3138	0
3139	0
3140	0
3141	0
3142	2
3143	0
3144	0
3145	0
3146	3
3147	0
3148	2
3149	0
3150	6
3151	0
3152	2
3153	0
3154	1
3155	0
3156	7
3157	2
3158	3
3159	1
3160	0
3161	0
3162	1
3163	0
3164	4
3165	0
3166	0
3167	0
3168	4
3169	6
3170	0
3171	0
3172	6
3173	2
3174	0
3175	0
3176	2
3177	3
3178	0
3179	0
3180	0
3181	0
3182	0
3183	1
3184	0
3185	0
3186	0
3187	1
3188	2
3189	2
3190	0
3191	0
3192	0
3193	1
3194	0
3195	4
3196	0
3197	0
3198	0
3199	2
3200	8
3201	2
3202	0
3203	8
3204	0
3205	1
3206	5
3207	0
3208	0
3209	4
3210	0
3211	0
3212	0
3213	0
3214	0
3215	2
3216	0
3217	0
3218	1
3219	1
3220	3
3221	0
3222	1
3223	0
3224	2
3225	0
3226	0
3227	0
3228	0
3229	1
3230	1
3231	0
3232	1
3233	4
3234	0
3235	0
3236	0
3237	1
3238	0
3239	0
3240	0
3241	0
3242	0
3243	0
3244	2
3245	2
3246	1
3247	4
3248	0
3249	0
3250	0
3251	0
3252	0
3253	0
3254	0
3255	0
3256	0
3257	2
3258	0
3259	0
3260	2
3261	0
3262	1
3263	0
3264	0
3265	3
3266	0
3267	1
3268	0
3269	3
3270	0
3271	4
3272	4
3273	0
3274	0
3275	0
3276	2
3277	0
3278	1
3279	1
3280	3
3281	0
3282	0
3283	0
3284	0
3285	0
3286	0
3287	0
3288	1
3289	4
3290	0
3291	1
3292	0
3293	0
3294	0
3295	0
3296	2
3297	2
3298	0
3299	0
3300	0
3301	0
3302	0
3303	0
3304	0
3305	0
3306	2
3307	0
3308	3
3309	0
3310	3
3311	0
3312	2
3313	0
3314	0
3315	0
3316	0
3317	0
3318	4
3319	0
3320	1
3321	0
3322	3
3323	2
3324	0
3325	1
3326	0
3327	2
3328	0
3329	1
3330	2
3331	3
3332	0
3333	0
3334	0
3335	0
3336	0
3337	4
3338	0
3339	1
3340	0
3341	1
3342	1
3343	1
3344	0
3345	0
3346	3
3347	0
3348	0
3349	0
3350	7
3351	0
3352	0
3353	0
3354	0
3355	0
3356	2
3357	0
3358	0
3359	2
3360	1
3361	0
3362	0
3363	3
3364	1
3365	1
3366	0
3367	0
3368	1
3369	0
3370	0
3371	4
3372	0
3373	0
3374	2
3375	0
3376	1
3377	0
3378	0
3379	3
3380	2
3381	3
3382	1
3383	0
3384	2
3385	0
3386	0
3387	0
3388	0
3389	0
3390	1
3391	0
3392	0
3393	0
3394	0
3395	0
3396	0
3397	0
3398	0
3399	1
3400	3
3401	4
3402	0
3403	2
3404	0
3405	0
3406	1
3407	0
3408	0
3409	0
3410	4
3411	0
3412	1
3413	0
3414	0
3415	0
3416	2
3417	2
3418	0
3419	1
3420	0
3421	0
3422	3
3423	0
3424	0
3425	0
3426	0
3427	0
3428	0
3429	1
3430	2
3431	0
3432	1
3433	0
3434	1
3435	3
3436	4
3437	0
3438	0
3439	0
3440	0
3441	0
3442	0
3443	0
3444	0
3445	1
3446	0
3447	2
3448	0
3449	3
3450	3
3451	1
3452	0
3453	1
3454	2
3455	0
3456	0
3457	4
3458	0
3459	1
3460	1
3461	4
3462	0
3463	0
3464	0
3465	0
3466	0
3467	0
3468	2
3469	2
3470	2
3471	2
3472	0
3473	0
3474	2
3475	0
3476	5
3477	4
3478	0
3479	0
3480	1
3481	0
3482	0
3483	0
3484	0
3485	0
3486	0
3487	5
3488	2
3489	4
3490	1
3491	1
3492	2
3493	0
3494	3
3495	0
3496	0
3497	4
3498	1
3499	0
3500	3
3501	0
3502	0
3503	1
3504	0
3505	2
3506	2
3507	0
3508	0
3509	0
3510	0
3511	1
3512	3
3513	4
3514	2
3515	0
3516	0
3517	0
3518	3
3519	1
3520	7
3521	1
3522	0
3523	4
3524	7
3525	0
3526	1
3527	0
3528	9
3529	3
3530	3
3531	0
3532	1
3533	4
3534	4
3535	2
3536	0
3537	7
3538	0
3539	0
3540	0
3541	0
3542	0
3543	7
3544	5
3545	3
3546	0
3547	3
3548	4
3549	3
3550	2
3551	3
3552	3
3553	1
3554	1
3555	4
3556	1
3557	5
3558	0
3559	1
3560	3
3561	0
3562	1
3563	0
3564	4
3565	0
3566	3
3567	0
3568	2
3569	3
3570	1
3571	1
3572	0
3573	3
3574	1
3575	6
3576	3
3577	0
3578	0
3579	1
3580	0
3581	4
3582	5
3583	5
3584	4
3585	5
3586	1
3587	0
3588	5
3589	0
3590	4
3591	10
3592	1
3593	0
3594	0
3595	0
3596	4
3597	3
3598	0
3599	0
3600	1
3601	0
3602	1
3603	5
3604	0
3605	3
3606	0
3607	2
3608	4
3609	5
3610	0
3611	0
3612	5
3613	0
3614	0
3615	0
3616	4
3617	3
3618	0
3619	0
3620	0
3621	4
3622	2
3623	0
3624	0
3625	0
3626	1
3627	0
3628	0
3629	2
3630	1
3631	0
3632	0
3633	7
3634	6
3635	0
3636	3
3637	0
3638	6
3639	3
3640	0
3641	0
3642	0
3643	0
3644	3
3645	0
3646	0
3647	3
3648	3
3649	0
3650	2
3651	2
3652	10
3653	0
3654	0
3655	0
3656	0
3657	2
3658	0
3659	7
3660	2
3661	0
3662	0
3663	0
3664	0
3665	0
3666	0
3667	0
3668	1
3669	9
3670	0
3671	0
3672	0
3673	0
3674	0
3675	0
3676	1
3677	3
3678	3
3679	0
3680	0
3681	3
3682	0
3683	0
3684	0
3685	2
3686	2
3687	1
3688	6
3689	3
3690	0
3691	6
3692	0
3693	0
3694	3
3695	1
3696	6
3697	0
3698	3
3699	0
3700	0
3701	0
3702	0
3703	0
3704	0
3705	0
3706	2
3707	0
3708	1
3709	0
3710	1
3711	0
3712	0
3713	0
3714	2
3715	2
3716	4
3717	0
3718	0
3719	0
3720	0
3721	0
3722	0
3723	7
3724	0
3725	0
3726	0
3727	0
3728	0
3729	0
3730	0
3731	0
3732	0
3733	0
3734	1
3735	0
3736	0
3737	0
3738	2
3739	1
3740	3
3741	0
3742	0
3743	0
3744	1
3745	2
3746	0
3747	0
3748	0
3749	0
3750	0
3751	0
3752	2
3753	0
3754	4
3755	0
3756	0
3757	0
3758	0
3759	0
3760	1
3761	1
3762	0
3763	0
3764	2
3765	0
3766	0
3767	0
3768	0
3769	0
3770	1
3771	0
3772	0
3773	0
3774	2
3775	0
3776	0
3777	0
3778	0
3779	0
3780	0
3781	0
3782	0
3783	0
3784	0
3785	0
3786	0
3787	1
3788	1
3789	0
3790	0
3791	0
3792	0
3793	0
3794	0
3795	0
3796	1
3797	0
3798	1
3799	0
3800	2
3801	0
3802	0
3803	1
3804	0
3805	1
3806	1
3807	0
3808	0
3809	0
3810	0
3811	0
3812	0
3813	0
3814	0
3815	0
3816	0
3817	1
3818	0
3819	0
3820	4
3821	0
3822	0
3823	0
3824	0
3825	1
3826	0
3827	0
3828	0
3829	0
3830	0
3831	0
3832	0
3833	0
3834	0
3835	0
3836	0
3837	0
3838	0
3839	0
3840	0
3841	0
3842	1
3843	0
3844	0
3845	0
3846	1
3847	0
3848	0
3849	0
3850	0
3851	0
3852	0
3853	1
3854	0
3855	0
3856	0
3857	0
3858	0
3859	0
3860	0
3861	0
3862	0
3863	0
3864	0
3865	1
3866	0
3867	0
3868	0
3869	0
3870	0
3871	0
3872	0
3873	1
3874	0
3875	0
3876	0
3877	0
3878	1
3879	0
3880	0
3881	0
3882	0
3883	0
3884	0
3885	1
3886	2
3887	1
3888	2
3889	1
3890	0
3891	0
3892	0
3893	0
3894	0
3895	3
3896	0
3897	0
3898	0
3899	0
3900	0
3901	1
3902	0
3903	0
3904	2
3905	0
3906	0
3907	1
3908	0
3909	0
3910	0
3911	1
3912	0
3913	0
3914	1
3915	0
3916	1
3917	1
3918	0
3919	0
3920	2
3921	0
3922	1
3923	2
3924	1
3925	0
3926	0
3927	0
3928	0
3929	0
3930	0
3931	0
3932	0
3933	0
3934	0
3935	0
3936	0
3937	0
3938	0
3939	0
3940	0
3941	1
3942	1
3943	0
3944	0
3945	0
3946	1
3947	0
3948	1
3949	0
3950	0
3951	1
3952	0
3953	0
3954	1
3955	0
3956	0
3957	0
3958	1
3959	1
3960	0
3961	0
3962	1
3963	0
3964	0
3965	0
3966	0
3967	1
3968	0
3969	0
3970	2
3971	0
3972	0
3973	0
3974	0
3975	0
3976	0
3977	0
3978	0
3979	2
3980	1
3981	0
3982	0
3983	0
3984	0
3985	1
3986	0
3987	0
3988	1
3989	0
3990	0
3991	1
3992	2
3993	0
3994	0
3995	0
3996	1
3997	1
3998	0
3999	1
4000	0
4001	0
4002	0
4003	0
4004	0
4005	0
4006	0
4007	0
4008	0
4009	0
4010	0
4011	2
4012	0
4013	0
4014	1
4015	0
4016	2
4017	0
4018	0
4019	0
4020	0
4021	0
4022	0
4023	0
4024	1
4025	0
4026	0
4027	0
4028	0
4029	0
4030	0
4031	1
4032	0
4033	0
4034	0
4035	0
4036	0
4037	0
4038	0
4039	1
4040	0
4041	1
4042	0
4043	1
4044	0
4045	0
4046	0
4047	0
4048	2
4049	0
4050	0
4051	0
4052	0
4053	1
4054	0
4055	0
4056	0
4057	0
4058	0
4059	0
4060	1
4061	0
4062	0
4063	1
4064	1
4065	0
4066	0
4067	0
4068	1
4069	0
4070	0
4071	0
4072	1
4073	0
4074	0
4075	0
4076	1
4077	0
4078	1
4079	0
4080	0
4081	0
4082	0
4083	0
4084	0
4085	0
4086	1
4087	0
4088	0
4089	0
4090	0
4091	2
4092	0
4093	1
4094	0
4095	0
